solver_type MCSVM_CS
nr_class 8
label 0 1 2 3 4 5 6 7
nr_feature 590
bias -1
w
0.1406905913273864 -0.02237824189200406 -0.03884342585370725 -0.01312129426957242 -0.02291755424215175 -0.02313115598534457 -0.009454261863048241 -0.01084465722155812 
0.1237792070624889 -0.0302530448690293 0.03843081481909769 0.0008484430995700519 -0.04118292745853479 -0.05116659741243668 -0.02049158419822712 -0.0199643110429287 
0.1406905913273864 -0.02237824189200406 -0.03884342585370725 -0.01312129426957242 -0.02291755424215175 -0.02313115598534457 -0.009454261863048241 -0.01084465722155812 
0.1406905913273864 -0.02237824189200406 -0.03884342585370725 -0.01312129426957242 -0.02291755424215175 -0.02313115598534457 -0.009454261863048241 -0.01084465722155812 
0.1406905913273864 -0.02237824189200406 -0.03884342585370725 -0.01312129426957242 -0.02291755424215175 -0.02313115598534457 -0.009454261863048241 -0.01084465722155812 
0.1406905913273864 -0.02237824189200406 -0.03884342585370725 -0.01312129426957242 -0.02291755424215175 -0.02313115598534457 -0.009454261863048241 -0.01084465722155812 
0.01378163186513136 0.16754056660447 0.440990985639424 -0.06620581412656233 -0.1240194744899907 -0.2438814384128588 -0.1077535253348767 -0.08045293174473672 
0.1406905913273864 -0.02237824189200406 -0.03884342585370725 -0.01312129426957242 -0.02291755424215175 -0.02313115598534457 -0.009454261863048241 -0.01084465722155812 
0.1406905913273864 -0.02237824189200406 -0.03884342585370725 -0.01312129426957242 -0.02291755424215175 -0.02313115598534457 -0.009454261863048241 -0.01084465722155812 
0.1406905913273864 -0.02237824189200406 -0.03884342585370725 -0.01312129426957242 -0.02291755424215175 -0.02313115598534457 -0.009454261863048241 -0.01084465722155812 
0.1194331061829881 -0.03804927689786485 -0.1781817231360281 0.0002818774086280342 0.1953003359938406 -0.05370344741878223 -0.02402533616785932 -0.02105553596492227 
0.1406905913273864 -0.02237824189200406 -0.03884342585370725 -0.01312129426957242 -0.02291755424215175 -0.02313115598534457 -0.009454261863048241 -0.01084465722155812 
0.1406905913273864 -0.02237824189200406 -0.03884342585370725 -0.01312129426957242 -0.02291755424215175 -0.02313115598534457 -0.009454261863048241 -0.01084465722155812 
0.1296729491719824 -0.04251327731182351 -0.007323563060351545 0.002344068468963378 -0.01317900041040343 -0.031491934772063 -0.01931269450735414 -0.01819654757895007 
0.1406905913273864 -0.02237824189200406 -0.06489076064137046 -0.01312129426957242 -0.007450045020334395 -0.01255133041949859 -0.009454261863048241 -0.01084465722155812 
0.1406905913273864 -0.02237824189200406 -0.03884342585370725 -0.01312129426957242 -0.02291755424215175 -0.02313115598534457 -0.009454261863048241 -0.01084465722155812 
0.1406905913273864 -0.02237824189200406 -0.03884342585370725 -0.01312129426957242 -0.02291755424215175 -0.02313115598534457 -0.009454261863048241 -0.01084465722155812 
0.1406905913273864 -0.02237824189200406 -0.03884342585370725 -0.01312129426957242 -0.02291755424215175 -0.02313115598534457 -0.009454261863048241 -0.01084465722155812 
0.1406905913273864 -0.02237824189200406 -0.05577770397974522 -0.01312129426957242 -0.02291755424215175 -0.02733238699238473 -0.009454261863048239 0.01029085191152002 
0.02977977225597314 -0.05292587651960147 0.1531123785253504 -0.05449594202623032 0.05962053817615475 0.04149100395677573 -0.1065370398225661 -0.07004483454585592 
0.1406905913273864 -0.02237824189200406 -0.03884342585370725 -0.01312129426957242 -0.02291755424215175 -0.02313115598534457 -0.009454261863048241 -0.01084465722155812 
-0.1859661477126848 0.04667951369908772 0.4128090499589783 -0.2270889704656969 -0.03737705725306003 0.4057842177548115 -0.1911599729118172 -0.2236806330696178 
0.1406905913273864 -0.02237824189200406 -0.03884342585370725 -0.01312129426957242 -0.02291755424215175 -0.02313115598534457 -0.009454261863048241 -0.01084465722155812 
0.1406905913273864 -0.02237824189200406 -0.03884342585370725 -0.01312129426957242 -0.02291755424215175 -0.02313115598534457 -0.009454261863048241 -0.01084465722155812 
0.1406905913273864 -0.02237824189200406 -0.03884342585370725 -0.01312129426957242 -0.02291755424215175 -0.02313115598534457 -0.009454261863048241 -0.01084465722155812 
0.1406905913273864 -0.02237824189200406 -0.03884342585370725 -0.01312129426957242 -0.02291755424215175 -0.02313115598534457 -0.009454261863048241 -0.01084465722155812 
0.1406905913273864 -0.02237824189200406 -0.03884342585370725 -0.01312129426957242 -0.02291755424215175 -0.02313115598534457 -0.009454261863048241 -0.01084465722155812 
0.1406905913273864 -0.02237824189200406 -0.03884342585370725 -0.01312129426957242 -0.02291755424215175 -0.02313115598534457 -0.009454261863048241 -0.01084465722155812 
0.1406905913273864 -0.02237824189200406 -0.03884342585370725 -0.01312129426957242 -0.02291755424215175 -0.02313115598534457 -0.009454261863048241 -0.01084465722155812 
0.1406905913273864 -0.02237824189200406 -0.03884342585370725 -0.01312129426957242 -0.02291755424215175 -0.02313115598534457 -0.009454261863048241 -0.01084465722155812 
0.1406905913273864 -0.02237824189200406 -0.03884342585370725 -0.01312129426957242 -0.02291755424215175 -0.02313115598534457 -0.009454261863048241 -0.01084465722155812 
0.1406905913273864 -0.02237824189200406 -0.03884342585370725 -0.01312129426957242 -0.02291755424215175 -0.02313115598534457 -0.009454261863048241 -0.01084465722155812 
0.1406905913273864 -0.01042028802553081 -0.07496163598038165 0.0110389619906287 -0.02291755424215175 -0.02313115598534457 -0.009454261863048241 -0.01084465722155812 
0.1406905913273864 -0.02237824189200406 -0.03884342585370725 -0.01312129426957242 -0.02291755424215175 -0.02313115598534457 -0.009454261863048241 -0.01084465722155812 
0.1406905913273864 -0.02237824189200406 -0.03884342585370725 -0.01312129426957242 -0.02291755424215175 -0.02313115598534457 -0.009454261863048241 -0.01084465722155812 
0.1406905913273864 -0.02237824189200406 -0.03884342585370725 -0.01312129426957242 -0.02291755424215175 -0.02313115598534457 -0.009454261863048241 -0.01084465722155812 
0.1406905913273864 -0.02237824189200406 -0.03884342585370725 -0.01312129426957242 -0.02291755424215175 -0.02313115598534457 -0.009454261863048241 -0.01084465722155812 
0.1406905913273864 -0.02237824189200406 -0.06489076064137046 -0.01312129426957242 -0.007450045020334395 -0.01255133041949859 -0.009454261863048241 -0.01084465722155812 
0.1406905913273864 -0.02237824189200406 -0.06489076064137046 -0.01312129426957242 -0.007450045020334395 -0.01255133041949859 -0.009454261863048241 -0.01084465722155812 
0.1406905913273864 -0.02237824189200406 -0.03884342585370725 -0.01312129426957242 -0.02291755424215175 -0.02313115598534457 -0.009454261863048241 -0.01084465722155812 
0.1406905913273864 -0.02237824189200406 -0.03884342585370725 -0.01312129426957242 -0.02291755424215175 -0.02313115598534457 -0.009454261863048241 -0.01084465722155812 
0.1406905913273864 -0.02237824189200406 -0.03884342585370725 -0.01312129426957242 -0.02291755424215175 -0.02313115598534457 -0.009454261863048241 -0.01084465722155812 
0.1406905913273864 -0.02237824189200406 -0.03884342585370725 -0.01312129426957242 -0.02291755424215175 -0.02313115598534457 -0.009454261863048241 -0.01084465722155812 
0.1406905913273864 -0.02237824189200406 -0.03884342585370725 -0.01312129426957242 -0.02291755424215175 -0.02313115598534457 -0.009454261863048241 -0.01084465722155812 
0.1406905913273864 -0.02237824189200406 -0.03884342585370725 -0.01312129426957242 -0.02291755424215175 -0.02313115598534457 -0.009454261863048241 -0.01084465722155812 
0.1406905913273864 -0.02237824189200406 -0.03884342585370725 -0.01312129426957242 -0.02291755424215175 -0.02313115598534457 -0.009454261863048241 -0.01084465722155812 
0.1406905913273864 -0.02237824189200406 -0.03884342585370725 -0.01312129426957242 -0.02291755424215175 -0.02313115598534457 -0.009454261863048241 -0.01084465722155812 
4.336808689942018e-19 0.01195795386647326 -0.03611821012667439 0.02416025626020112 1.734723475976807e-18 0 0 0 
-0.01101764215540402 -0.02013503541981942 0.05756719758101898 0.01546536273853577 -0.005728955390069032 -0.01894060435256439 -0.00985843264430588 -0.007351890357391954 
-0.02493237293534353 -0.05982025825592507 0.257187561443543 0.00172048459354939 -0.03178288783191885 -0.08780721126612746 -0.03533483242065934 -0.01923048332711823 
-1.734723475976807e-18 0.02511428677989915 -0.06704190709544397 0.0241602562602011 0.02176804093136378 -0.004000676876020082 -1.734723475976807e-18 -1.734723475976807e-18 
-0.06111646733395628 0.02670761609228212 0.2734821751600396 -0.03089454859772188 0.106546790174965 -0.1966322939827362 -0.08479405709124894 -0.03329921442162308 
-0.0120790798173408 -0.0001320366496724524 0.02866706663983746 0.01499529832249648 -0.002150417824188843 -0.01287389954714874 -0.008806741728446784 -0.00762018939553633 
4.336808689942018e-19 0.01195795386647326 -0.06216554491433764 0.02416025626020109 0.01546750922181736 0.01057982556584596 0 0 
-0.0785973582042398 -0.0006521758367501136 0.09560868352915954 -0.03388625410043873 0.1007419716665384 -0.1667993341310552 0.1171233699732278 -0.03353890289644175 
4.336808689942018e-19 0.01195795386647326 -0.03611821012667439 0.02416025626020112 1.734723475976807e-18 0 0 0 
4.336808689942018e-19 0.01195795386647326 -0.03611821012667439 0.02416025626020112 1.734723475976807e-18 0 0 0 
4.336808689942018e-19 0.01195795386647326 -0.03611821012667439 0.02416025626020112 1.734723475976807e-18 0 0 0 
4.336808689942018e-19 0.01195795386647326 -0.03611821012667439 0.02416025626020112 1.734723475976807e-18 0 0 0 
4.336808689942018e-19 0.01195795386647326 -0.03611821012667439 0.02416025626020112 1.734723475976807e-18 0 0 0 
4.336808689942018e-19 0.01195795386647326 -0.03611821012667439 0.02416025626020112 1.734723475976807e-18 0 0 0 
4.336808689942018e-19 0.01195795386647326 -0.03611821012667439 0.02416025626020112 1.734723475976807e-18 0 0 0 
4.336808689942018e-19 0.01195795386647326 -0.03611821012667439 0.02416025626020112 1.734723475976807e-18 0 0 0 
4.336808689942018e-19 0.01195795386647326 -0.03611821012667439 0.02416025626020112 1.734723475976807e-18 0 0 0 
4.336808689942018e-19 0.01195795386647326 -0.03611821012667439 0.02416025626020112 1.734723475976807e-18 0 0 0 
4.336808689942018e-19 0.01195795386647326 -0.03611821012667439 0.02416025626020112 1.734723475976807e-18 0 0 0 
4.336808689942018e-19 0.01195795386647326 -0.03611821012667439 0.02416025626020112 1.734723475976807e-18 0 0 0 
4.336808689942018e-19 0.01195795386647326 -0.03611821012667439 0.02416025626020112 1.734723475976807e-18 0 0 0 
4.336808689942018e-19 0.01195795386647326 -0.03611821012667439 0.02416025626020112 1.734723475976807e-18 0 0 0 
4.336808689942018e-19 0.01195795386647326 -0.03611821012667439 0.02416025626020112 1.734723475976807e-18 0 0 0 
4.336808689942018e-19 0.01195795386647326 -0.03611821012667439 0.02416025626020112 1.734723475976807e-18 0 0 0 
4.336808689942018e-19 0.01195795386647326 -0.03611821012667439 0.02416025626020112 1.734723475976807e-18 0 0 0 
4.336808689942018e-19 0.01195795386647326 -0.03611821012667439 0.02416025626020112 1.734723475976807e-18 0 0 0 
4.336808689942018e-19 0.01195795386647326 -0.03611821012667439 0.02416025626020112 1.734723475976807e-18 0 0 0 
4.336808689942018e-19 0.01195795386647326 -0.03611821012667439 0.02416025626020112 1.734723475976807e-18 0 0 0 
4.336808689942018e-19 0.01195795386647326 -0.03611821012667439 0.02416025626020112 1.734723475976807e-18 0 0 0 
4.336808689942018e-19 0.01195795386647326 -0.03611821012667439 0.02416025626020112 1.734723475976807e-18 0 0 0 
4.336808689942018e-19 0.01195795386647326 -0.03611821012667439 0.02416025626020112 1.734723475976807e-18 0 0 0 
4.336808689942018e-19 0.01195795386647326 -0.03611821012667439 0.02416025626020112 1.734723475976807e-18 0 0 0 
4.336808689942018e-19 0.01195795386647326 -0.03611821012667439 0.02416025626020112 1.734723475976807e-18 0 0 0 
4.336808689942018e-19 0.01195795386647326 -0.03611821012667439 0.02416025626020112 1.734723475976807e-18 0 0 0 
-0.02060790650610346 -0.05392554412307873 0.2641306103245565 -0.01908481077981802 -0.04341019349814184 -0.07836390844959586 -0.03116114006442087 -0.01757710690339746 
-0.008528826688762665 -0.02867922069350709 0.1684216365892748 -0.009919852842113389 -0.01949173474258922 -0.0694906857784672 -0.02235439833597407 -0.009956917507861134 
-0.008528826688762665 -0.02867922069350709 0.1684216365892748 -0.009919852842113389 -0.01949173474258922 -0.0694906857784672 -0.02235439833597407 -0.009956917507861134 
-0.008528826688762665 -0.02867922069350709 0.1684216365892748 -0.009919852842113389 -0.01949173474258922 -0.0694906857784672 -0.02235439833597407 -0.009956917507861134 
-0.08591454524483112 -0.02797957967364474 0.4691089741168113 -0.07606686070933297 -0.1237857708222571 -0.1115578421310659 0.0318849858309164 -0.07568936136659582 
-0.008528826688762665 -0.02867922069350709 0.1684216365892748 -0.009919852842113389 -0.01949173474258922 -0.0694906857784672 -0.02235439833597407 -0.009956917507861134 
-0.05529646437379306 -0.00859793988809248 -0.1554891174622923 -0.04337695892785883 -0.09123181621630867 0.3064677148054861 0.09191252121446714 -0.04438793915160747 
-0.008528826688762665 -0.02867922069350709 0.1684216365892748 -0.009919852842113389 -0.01949173474258922 -0.0694906857784672 -0.02235439833597407 -0.009956917507861134 
-0.03657540918338958 -0.121366430540486 0.2194891115007208 -0.02894274854350235 -0.09253433742203472 0.1443230716269525 -0.05485121903987427 -0.02954203839838633 
-0.008528826688762665 -0.02867922069350709 0.1684216365892748 -0.009919852842113389 -0.01949173474258922 -0.0694906857784672 -0.02235439833597407 -0.009956917507861134 
-0.008528826688762665 -0.02867922069350709 0.1684216365892748 -0.009919852842113389 -0.01949173474258922 -0.0694906857784672 -0.02235439833597407 -0.009956917507861134 
-0.008528826688762665 -0.02867922069350709 0.1684216365892748 -0.009919852842113389 -0.01949173474258922 -0.0694906857784672 -0.02235439833597407 -0.009956917507861134 
-0.008528826688762665 -0.02867922069350709 0.1684216365892748 -0.009919852842113389 -0.01949173474258922 -0.0694906857784672 -0.02235439833597407 -0.009956917507861134 
-0.008528826688762665 -0.02867922069350709 0.1684216365892748 -0.009919852842113389 -0.01949173474258922 -0.0694906857784672 -0.02235439833597407 -0.009956917507861134 
-0.008528826688762665 -0.02867922069350709 0.1684216365892748 -0.009919852842113389 -0.01949173474258922 -0.0694906857784672 -0.02235439833597407 -0.009956917507861134 
-0.008528826688762665 -0.02867922069350709 0.1684216365892748 -0.009919852842113389 -0.01949173474258922 -0.0694906857784672 -0.02235439833597407 -0.009956917507861134 
-0.008528826688762665 -0.02867922069350709 0.1684216365892748 -0.009919852842113389 -0.01949173474258922 -0.0694906857784672 -0.02235439833597407 -0.009956917507861134 
-0.008528826688762665 -0.02867922069350709 0.1684216365892748 -0.009919852842113389 -0.01949173474258922 -0.0694906857784672 -0.02235439833597407 -0.009956917507861134 
-0.008528826688762665 -0.02867922069350709 0.1684216365892748 -0.009919852842113389 -0.01949173474258922 -0.0694906857784672 -0.02235439833597407 -0.009956917507861134 
-0.01567242611054167 -0.05481121619993101 0.2461201480674017 -0.01334702977328731 -0.05185980920489898 -0.08041735050258168 -0.01597032717094453 -0.01404198910521646 
-0.01567242611054166 -0.05481121619993098 0.2461201480674017 -0.01334702977328731 -0.05185980920489898 -0.0804173505025817 -0.01597032717094453 -0.01404198910521645 
-0.06669277836482813 0.09383313312110478 0.08957201563990563 -0.05145963039589042 0.103608707107092 -0.05702192660254737 -0.0598410508450437 -0.05199846965979208 
-0.01567242611054167 -0.05481121619993101 0.2461201480674017 -0.01334702977328731 -0.05185980920489898 -0.08041735050258168 -0.01597032717094453 -0.01404198910521646 
-0.02669006826594568 -0.08290352861020367 0.3398055557750951 -0.02204192329495263 -0.05758876459496804 -0.1033586317311662 -0.02582875981525041 -0.0213938794626084 
-0.01567242611054167 -0.05481121619993101 0.2461201480674017 -0.01334702977328731 -0.05185980920489898 -0.08041735050258168 -0.01597032717094453 -0.01404198910521646 
-0.01567242611054167 -0.05481121619993101 0.2461201480674017 -0.01334702977328731 -0.05185980920489898 -0.08041735050258168 -0.01597032717094453 -0.01404198910521646 
-0.01567242611054167 -0.05481121619993101 0.2461201480674017 -0.01334702977328731 -0.05185980920489898 -0.08041735050258168 -0.01597032717094453 -0.01404198910521646 
-0.01567242611054167 -0.05481121619993101 0.2461201480674017 -0.01334702977328731 -0.05185980920489898 -0.08041735050258168 -0.01597032717094453 -0.01404198910521646 
-0.02669006826594568 -0.0869042054862237 0.3398055557750951 -0.02204192329495263 -0.05758876459496802 -0.09935795485514608 -0.02582875981525042 -0.02139387946260841 
-0.01904828560360955 -0.04074011588044328 0.1527787692732128 -0.008758773132992601 -0.03206235685124475 -0.03062607481373264 -0.01411504106727512 -0.007428121923914959 
-0.03112736542095035 -0.06598643931001491 0.2484877430084945 -0.01792373107069722 -0.05598081560679736 -0.03949929748486129 -0.02292178279572191 -0.01504831131945129 
-0.04551497613941536 -0.1053737190793935 0.4703369775263191 -0.02912380887662777 -0.06776513174498169 -0.1464961471483835 -0.04891492981386117 -0.02714826472365594 
-0.01904828560360955 -0.04074011588044328 0.1527787692732128 -0.008758773132992601 -0.03206235685124475 -0.03062607481373264 -0.01411504106727512 -0.007428121923914959 
-0.01904828560360955 -0.04074011588044328 0.1527787692732128 -0.008758773132992601 -0.03206235685124475 -0.03062607481373264 -0.01411504106727512 -0.007428121923914959 
-0.01904828560360955 -0.04074011588044328 0.1527787692732128 -0.008758773132992601 -0.03206235685124475 -0.03062607481373264 -0.01411504106727512 -0.007428121923914959 
-0.01904828560360955 -0.04074011588044328 0.1527787692732128 -0.008758773132992601 -0.03206235685124475 -0.03062607481373264 -0.01411504106727512 -0.007428121923914959 
-0.01904828560360955 -0.04074011588044328 0.1527787692732128 -0.008758773132992601 -0.03206235685124475 -0.03062607481373264 -0.01411504106727512 -0.007428121923914959 
-0.01904828560360955 -0.04074011588044328 0.1527787692732128 -0.008758773132992601 -0.03206235685124475 -0.03062607481373264 -0.01411504106727512 -0.007428121923914959 
-0.01904828560360955 -0.04074011588044328 0.1527787692732128 -0.008758773132992601 -0.03206235685124475 -0.03062607481373264 -0.01411504106727512 -0.007428121923914959 
-0.01904828560360955 -0.04074011588044328 0.1527787692732128 -0.008758773132992601 -0.03206235685124475 -0.03062607481373264 -0.01411504106727512 -0.007428121923914959 
-0.01904828560360955 -0.04074011588044328 0.1527787692732128 -0.008758773132992601 -0.03206235685124475 -0.03062607481373264 -0.01411504106727512 -0.007428121923914959 
-0.01904828560360955 -0.04074011588044328 0.1527787692732128 -0.008758773132992601 -0.03206235685124475 -0.03062607481373264 -0.01411504106727512 -0.007428121923914959 
-0.01904828560360955 -0.04074011588044328 0.1527787692732128 -0.008758773132992601 -0.03206235685124475 -0.03062607481373264 -0.01411504106727512 -0.007428121923914959 
-0.01904828560360955 -0.04074011588044328 0.1527787692732128 -0.008758773132992601 -0.03206235685124475 -0.03062607481373264 -0.01411504106727512 -0.007428121923914959 
-0.02536863013206047 -0.05973235881629408 0.2087636852961586 -0.01427419812180726 -0.02635480723074577 -0.0558403458504159 -0.01374362344116571 -0.01344972170366922 
-0.02536863013206047 -0.05973235881629408 0.2087636852961586 -0.01427419812180726 -0.02635480723074577 -0.0558403458504159 -0.01374362344116571 -0.01344972170366922 
-0.02536863013206047 -0.05973235881629408 0.2087636852961586 -0.01427419812180726 -0.02635480723074577 -0.0558403458504159 -0.01374362344116571 -0.01344972170366922 
-0.02536863013206047 -0.05973235881629408 0.2087636852961586 -0.01427419812180726 -0.02635480723074577 -0.0558403458504159 -0.01374362344116571 -0.01344972170366922 
-0.02536863013206047 -0.05973235881629408 0.2087636852961586 -0.01427419812180726 -0.02635480723074577 -0.0558403458504159 -0.01374362344116571 -0.01344972170366922 
-0.02536863013206047 -0.05973235881629408 0.2087636852961586 -0.01427419812180726 -0.02635480723074577 -0.0558403458504159 -0.01374362344116571 -0.01344972170366922 
-0.02536863013206047 -0.05973235881629408 0.2087636852961586 -0.01427419812180726 -0.02635480723074577 -0.0558403458504159 -0.01374362344116571 -0.01344972170366922 
-0.02536863013206047 -0.05973235881629408 0.2087636852961586 -0.01427419812180726 -0.02635480723074577 -0.0558403458504159 -0.01374362344116571 -0.01344972170366922 
-0.02536863013206047 -0.05973235881629408 0.2087636852961586 -0.01427419812180726 -0.02635480723074577 -0.0558403458504159 -0.01374362344116571 -0.01344972170366922 
-0.02536863013206047 -0.05973235881629408 0.2087636852961586 -0.01427419812180726 -0.02635480723074577 -0.0558403458504159 -0.01374362344116571 -0.01344972170366922 
-0.02536863013206047 -0.05973235881629408 0.2087636852961586 -0.01427419812180726 -0.02635480723074577 -0.0558403458504159 -0.01374362344116571 -0.01344972170366922 
-0.03287381784354616 -0.08613020099861624 0.1448130677960723 -0.02394549447265584 0.1340038954157442 -0.08781182031091146 -0.02460579609916042 -0.02344983348692618 
-0.01161633269914775 -0.05850121212628218 0.2480331549517187 -0.01318840989065519 -0.08421399482024822 -0.05723952887747383 -0.01003472179434934 -0.01323895474356203 
-0.01161633269914775 -0.05850121212628218 0.2480331549517187 -0.01318840989065519 -0.08421399482024822 -0.05723952887747383 -0.01003472179434934 -0.01323895474356203 
-0.01161633269914775 -0.05850121212628218 0.2480331549517187 -0.01318840989065519 -0.08421399482024822 -0.05723952887747383 -0.01003472179434934 -0.01323895474356203 
-0.01161633269914775 -0.05850121212628218 0.2480331549517187 -0.01318840989065519 -0.08421399482024822 -0.05723952887747383 -0.01003472179434934 -0.01323895474356203 
-0.01161633269914775 -0.05850121212628218 0.2480331549517187 -0.01318840989065519 -0.08421399482024822 -0.05723952887747383 -0.01003472179434934 -0.01323895474356203 
-0.01161633269914775 -0.05850121212628218 0.2480331549517187 -0.01318840989065519 -0.08421399482024822 -0.05723952887747383 -0.01003472179434934 -0.01323895474356203 
-0.01161633269914775 -0.05850121212628218 0.2480331549517187 -0.01318840989065519 -0.08421399482024822 -0.05723952887747383 -0.01003472179434934 -0.01323895474356203 
-0.01161633269914775 -0.05850121212628218 0.2480331549517187 -0.01318840989065519 -0.08421399482024822 -0.05723952887747383 -0.01003472179434934 -0.01323895474356203 
-0.01161633269914775 -0.05850121212628218 0.2480331549517187 -0.01318840989065519 -0.08421399482024822 -0.05723952887747383 -0.01003472179434934 -0.01323895474356203 
-0.00560145697607865 -0.08315592983816392 -0.1558570946730228 -0.0005199963851144689 0.3779644730092272 -0.1259057469126774 -0.005730958453669722 -0.001193289770499811 
-0.00560145697607865 -0.08315592983816392 -0.1558570946730228 -0.0005199963851144689 0.3779644730092272 -0.1259057469126774 -0.005730958453669722 -0.001193289770499811 
-0.00560145697607865 -0.08315592983816392 -0.1558570946730228 -0.0005199963851144689 0.3779644730092272 -0.1259057469126774 -0.005730958453669722 -0.001193289770499811 
-0.00560145697607865 -0.08315592983816392 -0.1558570946730228 -0.0005199963851144689 0.3779644730092272 -0.1259057469126774 -0.005730958453669722 -0.001193289770499811 
-0.00560145697607865 -0.08315592983816392 -0.1558570946730228 -0.0005199963851144689 0.3779644730092272 -0.1259057469126774 -0.005730958453669722 -0.001193289770499811 
-0.02580773217976561 0.594283670404076 -0.2715960627168321 -0.01559928269833901 -0.0851375469387476 -0.1548183848989002 -0.02571990365418367 -0.015604757317308 
-0.01058828453198992 0.3779644730092272 -0.1384176119085457 -0.007095945939513338 -0.07505378288019025 -0.128499236537865 -0.01084197187081192 -0.007467639340311202 
-0.01058828453198992 0.3779644730092272 -0.1384176119085457 -0.007095945939513338 -0.07505378288019025 -0.128499236537865 -0.01084197187081192 -0.007467639340311202 
-0.01058828453198992 0.3779644730092272 -0.1384176119085457 -0.007095945939513338 -0.07505378288019025 -0.128499236537865 -0.01084197187081192 -0.007467639340311202 
-0.01058828453198992 0.3779644730092272 -0.1384176119085457 -0.007095945939513338 -0.07505378288019025 -0.128499236537865 -0.01084197187081192 -0.007467639340311202 
1.734723475976807e-18 0.004000676876020046 2.775557561562891e-17 1.734723475976807e-18 -3.361026734705064e-18 -0.004000676876020096 0 -1.734723475976807e-18 
1.734723475976807e-18 0.004000676876020046 2.775557561562891e-17 1.734723475976807e-18 -3.361026734705064e-18 -0.004000676876020096 0 -1.734723475976807e-18 
1.734723475976807e-18 0.004000676876020046 2.775557561562891e-17 1.734723475976807e-18 -3.361026734705064e-18 -0.004000676876020096 0 -1.734723475976807e-18 
0 0.001206559676826966 -1.040834085586084e-17 0 -1.734723475976807e-18 -0.001206559676827012 0 0 
1.734723475976807e-18 0.004000676876020046 2.775557561562891e-17 1.734723475976807e-18 -3.361026734705064e-18 -0.004000676876020096 0 -1.734723475976807e-18 
1.734723475976807e-18 0.004000676876020046 2.775557561562891e-17 1.734723475976807e-18 -3.361026734705064e-18 -0.004000676876020096 0 -1.734723475976807e-18 
1.734723475976807e-18 0.004000676876020046 2.775557561562891e-17 1.734723475976807e-18 -3.361026734705064e-18 -0.004000676876020096 0 -1.734723475976807e-18 
0 0.001206559676826966 -1.040834085586084e-17 0 -1.734723475976807e-18 -0.001206559676827012 0 0 
1.734723475976807e-18 0.004000676876020046 2.775557561562891e-17 1.734723475976807e-18 -3.361026734705064e-18 -0.004000676876020096 0 -1.734723475976807e-18 
0 0.001206559676826966 -1.040834085586084e-17 0 -1.734723475976807e-18 -0.001206559676827012 0 0 
0 0.001206559676826966 -1.040834085586084e-17 0 -1.734723475976807e-18 -0.001206559676827012 0 0 
1.734723475976807e-18 0.004000676876020046 2.775557561562891e-17 1.734723475976807e-18 -3.361026734705064e-18 -0.004000676876020096 0 -1.734723475976807e-18 
1.734723475976807e-18 0.002794117199193087 2.775557561562891e-17 1.734723475976807e-18 1.084202172485504e-19 -0.002794117199193086 0 -1.734723475976807e-18 
1.734723475976807e-18 0.002794117199193087 2.775557561562891e-17 1.734723475976807e-18 1.084202172485504e-19 -0.002794117199193086 0 -1.734723475976807e-18 
1.734723475976807e-18 0.002794117199193087 2.775557561562891e-17 1.734723475976807e-18 1.084202172485504e-19 -0.002794117199193086 0 -1.734723475976807e-18 
1.734723475976807e-18 0.002794117199193087 2.775557561562891e-17 1.734723475976807e-18 1.084202172485504e-19 -0.002794117199193086 0 -1.734723475976807e-18 
1.734723475976807e-18 0.002794117199193087 2.775557561562891e-17 1.734723475976807e-18 1.084202172485504e-19 -0.002794117199193086 0 -1.734723475976807e-18 
1.734723475976807e-18 0.002794117199193087 2.775557561562891e-17 1.734723475976807e-18 1.084202172485504e-19 -0.002794117199193086 0 -1.734723475976807e-18 
1.734723475976807e-18 0.002794117199193087 2.775557561562891e-17 1.734723475976807e-18 1.084202172485504e-19 -0.002794117199193086 0 -1.734723475976807e-18 
1.734723475976807e-18 0.002794117199193087 2.775557561562891e-17 1.734723475976807e-18 1.084202172485504e-19 -0.002794117199193086 0 -1.734723475976807e-18 
-0.01113519822972938 -0.06241665829417371 -0.1799682197452646 -0.008143290469615516 -0.05477722946306246 0.3333333333333333 -0.008456329826821389 -0.00843640730466625 
-0.01113519822972938 -0.06241665829417371 -0.1799682197452646 -0.008143290469615516 -0.05477722946306246 0.3333333333333333 -0.008456329826821389 -0.00843640730466625 
-0.01113519822972938 -0.06241665829417371 -0.1799682197452646 -0.008143290469615516 -0.05477722946306246 0.3333333333333333 -0.008456329826821389 -0.00843640730466625 
-0.01113519822972938 -0.06241665829417371 -0.1799682197452646 -0.008143290469615516 -0.05477722946306246 0.3333333333333333 -0.008456329826821389 -0.00843640730466625 
-0.01113519822972938 -0.06241665829417371 -0.1799682197452646 -0.008143290469615516 -0.05477722946306246 0.3333333333333333 -0.008456329826821389 -0.00843640730466625 
-0.01113519822972938 -0.06241665829417371 -0.1799682197452646 -0.008143290469615516 -0.05477722946306246 0.3333333333333333 -0.008456329826821389 -0.00843640730466625 
-0.006498684837243618 -0.0353974525253808 -0.06687747485481367 -0.008176237164788165 -0.01629418231128563 -0.05081880862957291 0.1924500897298753 -0.008387249406790536 
-0.006498684837243618 -0.0353974525253808 -0.06687747485481367 -0.008176237164788165 -0.01629418231128563 -0.05081880862957291 0.1924500897298753 -0.008387249406790536 
-0.06365219279748785 0.002700219900917536 0.06335546746705989 -0.05003634033645679 -0.08477683541774261 0.08489745180373887 0.09667934841373101 -0.04916711903376008 
-0.006498684837243618 -0.0353974525253808 -0.06687747485481367 -0.008176237164788165 -0.01629418231128563 -0.05081880862957291 0.1924500897298753 -0.008387249406790536 
-0.006498684837243618 -0.0353974525253808 -0.06687747485481367 -0.008176237164788165 -0.01629418231128563 -0.05081880862957291 0.1924500897298753 -0.008387249406790536 
-0.006498684837243618 -0.0353974525253808 -0.06687747485481367 -0.008176237164788165 -0.01629418231128563 -0.05081880862957291 0.1924500897298753 -0.008387249406790536 
-0.006498684837243618 -0.0353974525253808 -0.06687747485481367 -0.008176237164788165 -0.01629418231128563 -0.05081880862957291 0.1924500897298753 -0.008387249406790536 
-0.006498684837243618 -0.0353974525253808 -0.06687747485481367 -0.008176237164788165 -0.01629418231128563 -0.05081880862957291 0.1924500897298753 -0.008387249406790536 
-0.0173658907335806 0.1078016728575493 -0.1026242061473526 -0.0207605521963576 -0.04132680517676 -0.07543993552653824 0.170803338416354 -0.02108762149331419 
-0.006498684837243618 -0.0353974525253808 -0.06687747485481367 -0.008176237164788165 -0.01629418231128563 -0.05081880862957291 0.1924500897298753 -0.008387249406790536 
-0.006498684837243618 -0.0353974525253808 -0.06687747485481367 -0.008176237164788165 -0.01629418231128563 -0.05081880862957291 0.1924500897298753 -0.008387249406790536 
-0.006498684837243618 -0.0353974525253808 -0.06687747485481367 -0.008176237164788165 -0.01629418231128563 -0.05081880862957291 0.1924500897298753 -0.008387249406790536 
-0.006498684837243618 -0.0353974525253808 -0.06687747485481367 -0.008176237164788165 -0.01629418231128563 -0.05081880862957291 0.1924500897298753 -0.008387249406790536 
-0.006498684837243618 -0.0353974525253808 -0.06687747485481367 -0.008176237164788165 -0.01629418231128563 -0.05081880862957291 0.1924500897298753 -0.008387249406790536 
-0.006498684837243618 -0.0353974525253808 -0.06687747485481367 -0.008176237164788165 -0.01629418231128563 -0.05081880862957291 0.1924500897298753 -0.008387249406790536 
-0.006498684837243618 -0.0353974525253808 -0.06687747485481367 -0.008176237164788165 -0.01629418231128563 -0.05081880862957291 0.1924500897298753 -0.008387249406790536 
-0.006498684837243618 -0.0353974525253808 -0.06687747485481367 -0.008176237164788165 -0.01629418231128563 -0.05081880862957291 0.1924500897298753 -0.008387249406790536 
-0.006498684837243618 -0.0353974525253808 -0.06687747485481367 -0.008176237164788165 -0.01629418231128563 -0.05081880862957291 0.1924500897298753 -0.008387249406790536 
-0.006498684837243618 -0.0353974525253808 -0.06687747485481367 -0.008176237164788165 -0.01629418231128563 -0.05081880862957291 0.1924500897298753 -0.008387249406790536 
-0.006498684837243618 -0.0353974525253808 -0.06687747485481367 -0.008176237164788165 -0.01629418231128563 -0.05081880862957291 0.1924500897298753 -0.008387249406790536 
-0.006498684837243618 -0.0353974525253808 -0.06687747485481367 -0.008176237164788165 -0.01629418231128563 -0.05081880862957291 0.1924500897298753 -0.008387249406790536 
-0.006498684837243618 -0.0353974525253808 -0.06687747485481367 -0.008176237164788165 -0.01629418231128563 -0.05081880862957291 0.1924500897298753 -0.008387249406790536 
-0.006498684837243618 -0.0353974525253808 -0.06687747485481367 -0.008176237164788165 -0.01629418231128563 -0.05081880862957291 0.1924500897298753 -0.008387249406790536 
0 -0.01043779470930672 0.1176432438572313 -0.0006890863407148066 -1.301042606982605e-18 -0.09148413450082141 -0.01300316854189992 -0.002029059764488359 
0 -0.01043779470930672 0.1176432438572313 -0.0006890863407148066 -1.301042606982605e-18 -0.09148413450082141 -0.01300316854189992 -0.002029059764488359 
-0.02092569672265124 -0.06248049251730205 0.3193699396688894 -0.01845918679000377 -0.04408675654144926 -0.1174439358511279 -0.03799702161293991 -0.01797684963341493 
0 -0.01043779470930672 0.1176432438572313 -0.0006890863407148066 -1.301042606982605e-18 -0.09148413450082141 -0.01300316854189992 -0.002029059764488359 
0 -0.01043779470930672 0.1176432438572313 -0.0006890863407148066 -1.301042606982605e-18 -0.09148413450082141 -0.01300316854189992 -0.002029059764488359 
-0.014387610718465 -0.03938727976937861 0.2218492345178246 -0.01120007780593055 -0.01178431613818436 -0.1069968496635221 -0.02599314701813925 -0.01209995340420464 
-0.0264666905358058 -0.06463360319895024 0.3175582082531061 -0.02036503574363517 -0.03570277489373698 -0.1158700723346508 -0.03479988874658604 -0.01972014279974098 
-0.01521944764777568 0.2163191973948488 -0.1331784508082866 -0.008503336758825667 -0.01008376405855735 -0.02631914836103517 -0.01487793178337174 -0.0081371179769968 
-0.0262370898031797 0.1842262081085561 -0.03949304310059319 -0.01719823028049098 -0.01581271944862638 -0.04525975271359955 -0.02473636442767764 -0.01548900833438875 
-0.01521944764777568 0.2163191973948488 -0.1331784508082866 -0.008503336758825667 -0.01008376405855735 -0.02631914836103517 -0.01487793178337174 -0.0081371179769968 
-0.01521944764777568 0.2163191973948488 -0.1331784508082866 -0.008503336758825667 -0.01008376405855735 -0.02631914836103517 -0.01487793178337174 -0.0081371179769968 
-0.01521944764777568 0.2163191973948488 -0.1331784508082866 -0.008503336758825667 -0.01008376405855735 -0.02631914836103517 -0.01487793178337174 -0.0081371179769968 
-0.01521944764777568 0.2163191973948488 -0.1331784508082866 -0.008503336758825667 -0.01008376405855735 -0.02631914836103517 -0.01487793178337174 -0.0081371179769968 
-0.01521944764777568 0.2163191973948488 -0.1331784508082866 -0.008503336758825667 -0.01008376405855735 -0.02631914836103517 -0.01487793178337174 -0.0081371179769968 
-0.01521944764777568 0.2163191973948488 -0.1331784508082866 -0.008503336758825667 -0.01008376405855735 -0.02631914836103517 -0.01487793178337174 -0.0081371179769968 
-0.0262370898031797 0.1842262081085561 -0.03949304310059319 -0.01719823028049098 -0.01581271944862638 -0.04525975271359955 -0.02473636442767764 -0.01548900833438875 
-0.0262370898031797 0.1842262081085561 -0.03949304310059319 -0.01719823028049098 -0.01581271944862638 -0.04525975271359955 -0.02473636442767764 -0.01548900833438875 
-0.01521944764777568 0.2163191973948488 -0.1331784508082866 -0.008503336758825667 -0.01008376405855735 -0.02631914836103517 -0.01487793178337174 -0.0081371179769968 
-0.01521944764777568 0.2163191973948488 -0.1331784508082866 -0.008503336758825667 -0.01008376405855735 -0.02631914836103517 -0.01487793178337174 -0.0081371179769968 
-0.01521944764777568 0.2163191973948488 -0.1331784508082866 -0.008503336758825667 -0.01008376405855735 -0.02631914836103517 -0.01487793178337174 -0.0081371179769968 
-0.01521944764777568 0.2163191973948488 -0.1331784508082866 -0.008503336758825667 -0.01008376405855735 -0.02631914836103517 -0.01487793178337174 -0.0081371179769968 
-0.03816886940929594 -0.04746174571583256 0.0101723636438329 -0.02094760347305928 0.1999525170196094 -0.05860773286052975 -0.02560839663998997 -0.01933053256473473 
-0.0212574851443984 -0.02762898887233409 -0.1032200871556464 -0.01075708458200065 0.2182178902359924 -0.03057229143343765 -0.01457107430481108 -0.01021087874336415 
-0.0212574851443984 -0.02762898887233408 -0.1201543652816844 -0.01075708458200065 0.2182178902359924 -0.0347735224404778 -0.01457107430481108 0.01092463038971396 
-0.0212574851443984 -0.02762898887233409 -0.1032200871556464 -0.01075708458200065 0.2182178902359924 -0.03057229143343765 -0.01457107430481108 -0.01021087874336415 
-0.0212574851443984 -0.02762898887233409 -0.1032200871556464 -0.01075708458200065 0.2182178902359924 -0.03057229143343765 -0.01457107430481108 -0.01021087874336415 
-0.0212574851443984 -0.02762898887233409 -0.1032200871556464 -0.01075708458200065 0.2182178902359924 -0.03057229143343765 -0.01457107430481108 -0.01021087874336415 
-0.0212574851443984 -0.02762898887233409 -0.1032200871556464 -0.01075708458200065 0.2182178902359924 -0.03057229143343765 -0.01457107430481108 -0.01021087874336415 
-0.0212574851443984 -0.02762898887233409 -0.1032200871556464 -0.01075708458200065 0.2182178902359924 -0.03057229143343765 -0.01457107430481108 -0.01021087874336415 
-0.0212574851443984 -0.02762898887233409 -0.1032200871556464 -0.01075708458200065 0.2182178902359924 -0.03057229143343765 -0.01457107430481108 -0.01021087874336415 
-0.0212574851443984 -0.02762898887233409 -0.1032200871556464 -0.01075708458200065 0.2182178902359924 -0.03057229143343765 -0.01457107430481108 -0.01021087874336415 
-0.0212574851443984 -0.02762898887233409 -0.1032200871556464 -0.01075708458200065 0.2182178902359924 -0.03057229143343765 -0.01457107430481108 -0.01021087874336415 
-0.0212574851443984 -0.02762898887233409 -0.1032200871556464 -0.01075708458200065 0.2182178902359924 -0.03057229143343765 -0.01457107430481108 -0.01021087874336415 
-0.0212574851443984 -0.02762898887233409 -0.1032200871556464 -0.01075708458200065 0.2182178902359924 -0.03057229143343765 -0.01457107430481108 -0.01021087874336415 
-0.0212574851443984 -0.02762898887233409 -0.1032200871556464 -0.01075708458200065 0.2182178902359924 -0.03057229143343765 -0.01457107430481108 -0.01021087874336415 
-0.0212574851443984 -0.02762898887233409 -0.1032200871556464 -0.01075708458200065 0.2182178902359924 -0.03057229143343765 -0.01457107430481108 -0.01021087874336415 
-0.01989108821315456 -0.06134105960371781 -0.07417064093507797 -0.01091132067359697 -0.03112587244832561 0.2269983243213798 -0.01949529518536782 -0.01006304726213905 
-0.03090873036855857 -0.09343404889001052 0.01951476677261538 -0.01960621419526228 -0.03685482783839465 0.2080577199688154 -0.02935372782967371 -0.017414937619531 
-0.01989108821315456 -0.06134105960371781 -0.07417064093507797 -0.01091132067359697 -0.03112587244832561 0.2269983243213798 -0.01949529518536782 -0.01006304726213905 
-0.01989108821315456 -0.06134105960371781 -0.07417064093507797 -0.01091132067359697 -0.03112587244832561 0.2269983243213798 -0.01949529518536782 -0.01006304726213905 
-0.04363517323219357 0.2409380962931307 -0.1723505455155108 -0.03064274199308759 -0.06629793407408319 0.1551946420697238 -0.05401223849473409 -0.02919410505324518 
-0.01989108821315456 -0.06134105960371781 -0.07417064093507797 -0.01091132067359697 -0.03112587244832561 0.2269983243213798 -0.01949529518536782 -0.01006304726213905 
-0.01989108821315456 -0.06134105960371781 -0.07417064093507797 -0.01091132067359697 -0.03112587244832561 0.2269983243213798 -0.01949529518536782 -0.01006304726213905 
-0.01989108821315456 -0.06134105960371781 -0.07417064093507797 -0.01091132067359697 -0.03112587244832561 0.2269983243213798 -0.01949529518536782 -0.01006304726213905 
-0.01989108821315456 -0.06134105960371781 -0.07417064093507797 -0.01091132067359697 -0.03112587244832561 0.2269983243213798 -0.01949529518536782 -0.01006304726213905 
-0.01989108821315456 -0.06134105960371781 -0.07417064093507797 -0.01091132067359697 -0.03112587244832561 0.2269983243213798 -0.01949529518536782 -0.01006304726213905 
-0.01989108821315456 -0.06134105960371781 -0.07417064093507797 -0.01091132067359697 -0.03112587244832561 0.2269983243213798 -0.01949529518536782 -0.01006304726213905 
-0.01989108821315456 -0.06134105960371781 -0.07417064093507797 -0.01091132067359697 -0.03112587244832561 0.2269983243213798 -0.01949529518536782 -0.01006304726213905 
0 3.577867169202165e-18 -1.745565497701662e-17 0 0 0 0 0 
0 3.577867169202165e-18 -1.745565497701662e-17 0 0 0 0 0 
0 3.577867169202165e-18 -1.745565497701662e-17 0 0 0 0 0 
0 3.577867169202165e-18 -1.745565497701662e-17 0 0 0 0 0 
-0.02493237293534354 -0.07177821212239834 0.2933057715702174 -0.02243977166665171 -0.03178288783191886 -0.08780721126612745 -0.03533483242065934 -0.01923048332711823 
0 0.009155656037405807 -0.03092369696876964 -8.673617379884035e-19 0.02176804093136378 3.469446951953614e-18 -4.77048955893622e-18 -3.469446951953614e-18 
0 3.577867169202165e-18 -1.745565497701662e-17 0 0 0 0 0 
0 3.577867169202165e-18 -1.745565497701662e-17 0 0 0 0 0 
0 3.577867169202165e-18 -1.745565497701662e-17 0 0 0 0 0 
-0.01101764215540402 -0.03209298928629268 0.09368540770769331 -0.008694893521665322 -0.005728955390069037 -0.01894060435256439 -0.009858432644305882 -0.007351890357391952 
-0.01101764215540402 -0.03209298928629268 0.09368540770769331 -0.008694893521665322 -0.005728955390069037 -0.01894060435256439 -0.009858432644305882 -0.007351890357391952 
-0.01101764215540402 -0.03209298928629268 0.09368540770769331 -0.008694893521665322 -0.005728955390069037 -0.01894060435256439 -0.009858432644305882 -0.007351890357391952 
-0.01101764215540402 -0.03209298928629268 0.09368540770769331 -0.008694893521665322 -0.005728955390069037 -0.01894060435256439 -0.009858432644305882 -0.007351890357391952 
-0.01101764215540402 -0.03209298928629268 0.09368540770769331 -0.008694893521665322 -0.005728955390069037 -0.01894060435256439 -0.009858432644305882 -0.007351890357391952 
-0.03274113818341651 0.1001906668492019 0.137269956496176 -0.02444714232117085 -0.0360366919362489 -0.08320973838643288 -0.03891573598274408 -0.02211017653536466 
-0.01101764215540402 -0.03209298928629268 0.09368540770769331 -0.008694893521665322 -0.005728955390069037 -0.01894060435256439 -0.009858432644305882 -0.007351890357391952 
-0.01851862766733419 -0.07435322686569777 -0.02674405726608844 -0.01591733548110444 -0.01990954334389404 0.2280208358942724 -0.05567611564252714 -0.01690192962762621 
-0.01101764215540402 -0.03209298928629268 0.09368540770769331 -0.008694893521665322 -0.005728955390069037 -0.01894060435256439 -0.009858432644305882 -0.007351890357391952 
-0.01101764215540402 -0.03209298928629268 0.09368540770769331 -0.008694893521665322 -0.005728955390069037 -0.01894060435256439 -0.009858432644305882 -0.007351890357391952 
-0.01101764215540402 -0.03209298928629268 0.09368540770769331 -0.008694893521665322 -0.005728955390069037 -0.01894060435256439 -0.009858432644305882 -0.007351890357391952 
-0.01101764215540402 -0.03209298928629268 0.09368540770769331 -0.008694893521665322 -0.005728955390069037 -0.01894060435256439 -0.009858432644305882 -0.007351890357391952 
-0.02389452127810605 0.1269870412276256 0.03125223441979955 -0.01584199980958651 -0.01586839415035225 -0.06612315970725502 -0.02272862464015089 -0.01378257606197442 
-0.01101764215540402 -0.03209298928629268 0.09368540770769331 -0.008694893521665322 -0.005728955390069037 -0.01894060435256439 -0.009858432644305882 -0.007351890357391952 
-0.01101764215540402 -0.03209298928629268 0.09368540770769331 -0.008694893521665322 -0.005728955390069037 -0.01894060435256439 -0.009858432644305882 -0.007351890357391952 
-0.01101764215540402 -0.03209298928629268 0.09368540770769331 -0.008694893521665322 -0.005728955390069037 -0.01894060435256439 -0.009858432644305882 -0.007351890357391952 
-0.01101764215540402 -0.03209298928629268 0.09368540770769331 -0.008694893521665322 -0.005728955390069037 -0.01894060435256439 -0.009858432644305882 -0.007351890357391952 
-0.01101764215540402 -0.03209298928629268 0.09368540770769331 -0.008694893521665322 -0.005728955390069037 -0.01894060435256439 -0.009858432644305882 -0.007351890357391952 
-0.01101764215540402 -0.03209298928629268 0.09368540770769331 -0.008694893521665322 -0.005728955390069037 -0.01894060435256439 -0.009858432644305882 -0.007351890357391952 
-0.01101764215540402 -0.03209298928629268 0.09368540770769331 -0.008694893521665322 -0.005728955390069037 -0.01894060435256439 -0.009858432644305882 -0.007351890357391952 
-0.01101764215540402 -0.03209298928629268 0.09368540770769331 -0.008694893521665322 -0.005728955390069037 -0.01894060435256439 -0.009858432644305882 -0.007351890357391952 
-0.01101764215540402 -0.03209298928629268 0.09368540770769331 -0.008694893521665322 -0.005728955390069037 -0.01894060435256439 -0.009858432644305882 -0.007351890357391952 
-0.01101764215540402 -0.03209298928629268 0.09368540770769331 -0.008694893521665322 -0.005728955390069037 -0.01894060435256439 -0.009858432644305882 -0.007351890357391952 
-0.01101764215540402 -0.03209298928629268 0.09368540770769331 -0.008694893521665322 -0.005728955390069037 -0.01894060435256439 -0.009858432644305882 -0.007351890357391952 
-0.01101764215540402 -0.03209298928629268 0.09368540770769331 -0.008694893521665322 -0.005728955390069037 -0.01894060435256439 -0.009858432644305882 -0.007351890357391952 
-0.01101764215540402 -0.03209298928629268 0.09368540770769331 -0.008694893521665322 -0.005728955390069037 -0.01894060435256439 -0.009858432644305882 -0.007351890357391952 
-0.01101764215540402 -0.03209298928629268 0.09368540770769331 -0.008694893521665322 -0.005728955390069037 -0.01894060435256439 -0.009858432644305882 -0.007351890357391952 
-0.01101764215540402 -0.03209298928629268 0.09368540770769331 -0.008694893521665322 -0.005728955390069037 -0.01894060435256439 -0.009858432644305882 -0.007351890357391952 
-0.01101764215540402 -0.03209298928629268 0.09368540770769331 -0.008694893521665322 -0.005728955390069037 -0.01894060435256439 -0.009858432644305882 -0.007351890357391952 
-0.01101764215540402 -0.03209298928629268 0.09368540770769331 -0.008694893521665322 -0.005728955390069037 -0.01894060435256439 -0.009858432644305882 -0.007351890357391952 
-0.01101764215540402 -0.03209298928629268 0.09368540770769331 -0.008694893521665322 -0.005728955390069037 -0.01894060435256439 -0.009858432644305882 -0.007351890357391952 
-0.01101764215540402 -0.03209298928629268 0.09368540770769331 -0.008694893521665322 -0.005728955390069037 -0.01894060435256439 -0.009858432644305882 -0.007351890357391952 
-0.01101764215540402 -0.03209298928629268 0.09368540770769331 -0.008694893521665322 -0.005728955390069037 -0.01894060435256439 -0.009858432644305882 -0.007351890357391952 
-0.01101764215540402 -0.03209298928629268 0.09368540770769331 -0.008694893521665322 -0.005728955390069037 -0.01894060435256439 -0.009858432644305882 -0.007351890357391952 
-0.01101764215540402 -0.03209298928629268 0.09368540770769331 -0.008694893521665322 -0.005728955390069037 -0.01894060435256439 -0.009858432644305882 -0.007351890357391952 
-0.01101764215540402 -0.03209298928629268 0.09368540770769331 -0.008694893521665322 -0.005728955390069037 -0.01894060435256439 -0.009858432644305882 -0.007351890357391952 
-0.01101764215540402 -0.03209298928629268 0.09368540770769331 -0.008694893521665322 -0.005728955390069037 -0.01894060435256439 -0.009858432644305882 -0.007351890357391952 
-0.01101764215540402 -0.03209298928629268 0.09368540770769331 -0.008694893521665322 -0.005728955390069037 -0.01894060435256439 -0.009858432644305882 -0.007351890357391952 
-0.01101764215540402 -0.03209298928629268 0.09368540770769331 -0.008694893521665322 -0.005728955390069037 -0.01894060435256439 -0.009858432644305882 -0.007351890357391952 
-0.01101764215540402 -0.03209298928629268 0.09368540770769331 -0.008694893521665322 -0.005728955390069037 -0.01894060435256439 -0.009858432644305882 -0.007351890357391952 
-0.01101764215540402 -0.03209298928629268 0.09368540770769331 -0.008694893521665322 -0.005728955390069037 -0.01894060435256439 -0.009858432644305882 -0.007351890357391952 
-0.01101764215540402 -0.03209298928629268 0.09368540770769331 -0.008694893521665322 -0.005728955390069037 -0.01894060435256439 -0.009858432644305882 -0.007351890357391952 
-0.01101764215540402 -0.03209298928629268 0.09368540770769331 -0.008694893521665322 -0.005728955390069037 -0.01894060435256439 -0.009858432644305882 -0.007351890357391952 
-0.01101764215540402 -0.03209298928629268 0.09368540770769331 -0.008694893521665322 -0.005728955390069037 -0.01894060435256439 -0.009858432644305882 -0.007351890357391952 
-0.01101764215540402 -0.03209298928629268 0.09368540770769331 -0.008694893521665322 -0.005728955390069037 -0.01894060435256439 -0.009858432644305882 -0.007351890357391952 
-0.01101764215540402 -0.03209298928629268 0.09368540770769331 -0.008694893521665322 -0.005728955390069037 -0.01894060435256439 -0.009858432644305882 -0.007351890357391952 
-0.01101764215540402 -0.03209298928629268 0.09368540770769331 -0.008694893521665322 -0.005728955390069037 -0.01894060435256439 -0.009858432644305882 -0.007351890357391952 
-0.02365273083436114 -0.05238376746064383 -0.09857750813977237 -0.01858112343326593 -0.04223033407305683 0.2773753921072672 -0.02299583476514862 -0.01895409340101868 
-0.02365273083436114 -0.05238376746064383 -0.09857750813977237 -0.01858112343326593 -0.04223033407305683 0.2773753921072672 -0.02299583476514862 -0.01895409340101868 
-0.02365273083436114 -0.05238376746064383 -0.09857750813977237 -0.01858112343326593 -0.04223033407305683 0.2773753921072672 -0.02299583476514862 -0.01895409340101868 
-0.02365273083436114 -0.05238376746064383 -0.09857750813977237 -0.01858112343326593 -0.04223033407305683 0.2773753921072672 -0.02299583476514862 -0.01895409340101868 
-0.02365273083436114 -0.05238376746064383 -0.09857750813977237 -0.01858112343326593 -0.04223033407305683 0.2773753921072672 -0.02299583476514862 -0.01895409340101868 
-0.02365273083436114 -0.05238376746064383 -0.09857750813977237 -0.01858112343326593 -0.04223033407305683 0.2773753921072672 -0.02299583476514862 -0.01895409340101868 
-0.02365273083436114 -0.05238376746064383 -0.09857750813977237 -0.01858112343326593 -0.04223033407305683 0.2773753921072672 -0.02299583476514862 -0.01895409340101868 
-0.02365273083436114 -0.05238376746064383 -0.09857750813977237 -0.01858112343326593 -0.04223033407305683 0.2773753921072672 -0.02299583476514862 -0.01895409340101868 
0 0 -0.02604733478766324 0 0.01546750922181736 0.01057982556584598 0 0 
0 0 -0.02604733478766324 0 0.01546750922181736 0.01057982556584598 0 0 
0 0 -0.02604733478766324 0 0.01546750922181736 0.01057982556584598 0 0 
0 0 -0.02604733478766324 0 0.01546750922181736 0.01057982556584598 0 0 
0 0 -0.02604733478766324 0 0.01546750922181736 0.01057982556584598 0 0 
0 0 -0.02604733478766324 0 0.01546750922181736 0.01057982556584598 0 0 
-0.007500985511930172 -0.04226023757940507 -0.146476799761445 -0.007222441959439128 0.001286921267992351 0.2575412658126828 -0.04581768299822126 -0.009550039270234258 
0 0 -0.02604733478766324 0 0.01546750922181736 0.01057982556584598 0 0 
0 0 -0.02604733478766324 0 0.01546750922181736 0.01057982556584598 0 0 
0 0 -0.02604733478766324 0 0.01546750922181736 0.01057982556584598 0 0 
0 0 -0.02604733478766324 0 0.01546750922181736 0.01057982556584598 0 0 
0 0 -0.02604733478766324 0 0.01546750922181736 0.01057982556584598 0 0 
0 0 -0.02604733478766324 0 0.01546750922181736 0.01057982556584598 0 0 
0 0 -0.02604733478766324 0 0.01546750922181736 0.01057982556584598 0 0 
0 0 -0.02604733478766324 0 0.01546750922181736 0.01057982556584598 0 0 
0 0 -0.02604733478766324 0 0.01546750922181736 0.01057982556584598 0 0 
0 0 -0.02604733478766324 0 0.01546750922181736 0.01057982556584598 0 0 
0 0 -0.02604733478766324 0 0.01546750922181736 0.01057982556584598 0 0 
0 0 -0.02604733478766324 0 0.01546750922181736 0.01057982556584598 0 0 
0 0 -0.02604733478766324 0 0.01546750922181736 0.01057982556584598 0 0 
-0.01207907981734079 -0.02524632342957164 0.0957089737352816 -0.009164957937704618 -0.02391845875555262 -0.008873222671128653 -0.008806741728446782 -0.007620189395536328 
-0.01207907981734079 -0.02524632342957164 0.0957089737352816 -0.009164957937704618 -0.02391845875555262 -0.008873222671128653 -0.008806741728446782 -0.007620189395536328 
-0.01207907981734079 -0.02524632342957164 0.0957089737352816 -0.009164957937704618 -0.02391845875555262 -0.008873222671128653 -0.008806741728446782 -0.007620189395536328 
-0.01207907981734079 -0.02524632342957164 0.0957089737352816 -0.009164957937704618 -0.02391845875555262 -0.008873222671128653 -0.008806741728446782 -0.007620189395536328 
-0.01207907981734079 -0.02524632342957164 0.0957089737352816 -0.009164957937704618 -0.02391845875555262 -0.008873222671128653 -0.008806741728446782 -0.007620189395536328 
-0.01207907981734079 -0.02524632342957164 0.0957089737352816 -0.009164957937704618 -0.02391845875555262 -0.008873222671128653 -0.008806741728446782 -0.007620189395536328 
-0.01207907981734079 -0.02524632342957164 0.0957089737352816 -0.009164957937704618 -0.02391845875555262 -0.008873222671128653 -0.008806741728446782 -0.007620189395536328 
-0.01207907981734079 -0.02524632342957164 0.0957089737352816 -0.009164957937704618 -0.02391845875555262 -0.008873222671128653 -0.008806741728446782 -0.007620189395536328 
-0.01207907981734079 -0.02524632342957164 0.0957089737352816 -0.009164957937704618 -0.02391845875555262 -0.008873222671128653 -0.008806741728446782 -0.007620189395536328 
-0.01207907981734079 -0.02524632342957164 0.0957089737352816 -0.009164957937704618 -0.02391845875555262 -0.008873222671128653 -0.008806741728446782 -0.007620189395536328 
-0.01207907981734079 -0.02524632342957164 0.0957089737352816 -0.009164957937704618 -0.02391845875555262 -0.008873222671128653 -0.008806741728446782 -0.007620189395536328 
-0.01207907981734079 -0.02524632342957164 0.0957089737352816 -0.009164957937704618 -0.02391845875555262 -0.008873222671128653 -0.008806741728446782 -0.007620189395536328 
-0.01207907981734079 -0.02524632342957164 0.0957089737352816 -0.009164957937704618 -0.02391845875555262 -0.008873222671128653 -0.008806741728446782 -0.007620189395536328 
-0.01207907981734079 -0.02524632342957164 0.0957089737352816 -0.009164957937704618 -0.02391845875555262 -0.008873222671128653 -0.008806741728446782 -0.007620189395536328 
-0.01207907981734079 -0.02524632342957164 0.0957089737352816 -0.009164957937704618 -0.02391845875555262 -0.008873222671128653 -0.008806741728446782 -0.007620189395536328 
-0.01207907981734079 -0.02524632342957164 0.0957089737352816 -0.009164957937704618 -0.02391845875555262 -0.008873222671128653 -0.008806741728446782 -0.007620189395536328 
-0.01207907981734079 -0.02524632342957164 0.0957089737352816 -0.009164957937704618 -0.02391845875555262 -0.008873222671128653 -0.008806741728446782 -0.007620189395536328 
-0.01207907981734079 -0.02524632342957164 0.0957089737352816 -0.009164957937704618 -0.02391845875555262 -0.008873222671128653 -0.008806741728446782 -0.007620189395536328 
-0.01207907981734079 -0.02524632342957164 0.0957089737352816 -0.009164957937704618 -0.02391845875555262 -0.008873222671128653 -0.008806741728446782 -0.007620189395536328 
-0.01207907981734079 -0.02524632342957164 0.0957089737352816 -0.009164957937704618 -0.02391845875555262 -0.008873222671128653 -0.008806741728446782 -0.007620189395536328 
-0.01207907981734079 -0.01609066739216585 0.064785276766512 -0.009164957937704617 -0.00215041782418884 -0.008873222671128648 -0.00880674172844678 -0.007620189395536331 
-0.01207907981734079 -0.02524632342957164 0.0957089737352816 -0.009164957937704618 -0.02391845875555262 -0.008873222671128653 -0.008806741728446782 -0.007620189395536328 
-0.01207907981734079 -0.02524632342957164 0.0957089737352816 -0.009164957937704618 -0.02391845875555262 -0.008873222671128653 -0.008806741728446782 -0.007620189395536328 
-0.01207907981734079 -0.02524632342957164 0.0957089737352816 -0.009164957937704618 -0.02391845875555262 -0.008873222671128653 -0.008806741728446782 -0.007620189395536328 
-0.01207907981734079 -0.02524632342957164 0.0957089737352816 -0.009164957937704618 -0.02391845875555262 -0.008873222671128653 -0.008806741728446782 -0.007620189395536328 
-0.01207907981734079 -0.02524632342957164 0.0957089737352816 -0.009164957937704618 -0.02391845875555262 -0.008873222671128653 -0.008806741728446782 -0.007620189395536328 
-0.01207907981734079 -0.02524632342957164 0.0957089737352816 -0.009164957937704618 -0.02391845875555262 -0.008873222671128653 -0.008806741728446782 -0.007620189395536328 
-0.01691138426489753 -0.0198327568434985 0.1133924507994793 -0.01019051889105864 -0.01826537321638304 -0.02803544142709211 -0.01103732233517887 -0.009119653821370586 
-0.01691138426489753 -0.0198327568434985 0.1133924507994793 -0.01019051889105864 -0.01826537321638304 -0.02803544142709211 -0.01103732233517887 -0.009119653821370586 
-0.01691138426489753 -0.0198327568434985 0.1133924507994793 -0.01019051889105864 -0.01826537321638304 -0.02803544142709211 -0.01103732233517887 -0.009119653821370586 
-0.01691138426489753 -0.0198327568434985 0.1133924507994793 -0.01019051889105864 -0.01826537321638304 -0.02803544142709211 -0.01103732233517887 -0.009119653821370586 
-0.01691138426489753 -0.0198327568434985 0.1133924507994793 -0.01019051889105864 -0.01826537321638304 -0.02803544142709211 -0.01103732233517887 -0.009119653821370586 
-0.01691138426489753 -0.0198327568434985 0.1133924507994793 -0.01019051889105864 -0.01826537321638304 -0.02803544142709211 -0.01103732233517887 -0.009119653821370586 
-0.01691138426489753 -0.0198327568434985 0.1133924507994793 -0.01019051889105864 -0.01826537321638304 -0.02803544142709211 -0.01103732233517887 -0.009119653821370586 
-0.01691138426489753 -0.0198327568434985 0.1133924507994793 -0.01019051889105864 -0.01826537321638304 -0.02803544142709211 -0.01103732233517887 -0.009119653821370586 
-0.01691138426489753 -0.0198327568434985 0.1133924507994793 -0.01019051889105864 -0.01826537321638304 -0.02803544142709211 -0.01103732233517887 -0.009119653821370586 
-0.01691138426489753 -0.0198327568434985 0.1133924507994793 -0.01019051889105864 -0.01826537321638304 -0.02803544142709211 -0.01103732233517887 -0.009119653821370586 
-0.01691138426489753 -0.0198327568434985 0.1133924507994793 -0.01019051889105864 -0.01826537321638304 -0.02803544142709211 -0.01103732233517887 -0.009119653821370586 
-0.01691138426489753 -0.01067710080609269 0.08246875383070969 -0.01019051889105863 0.003502667714980746 -0.02803544142709211 -0.01103732233517887 -0.009119653821370583 
-0.01691138426489753 -0.0198327568434985 0.1133924507994793 -0.01019051889105864 -0.01826537321638304 -0.02803544142709211 -0.01103732233517887 -0.009119653821370586 
-0.01691138426489753 -0.0198327568434985 0.1133924507994793 -0.01019051889105864 -0.01826537321638304 -0.02803544142709211 -0.01103732233517887 -0.009119653821370586 
-0.01691138426489753 -0.0198327568434985 0.1133924507994793 -0.01019051889105864 -0.01826537321638304 -0.02803544142709211 -0.01103732233517887 -0.009119653821370586 
-0.01691138426489753 -0.0198327568434985 0.1133924507994793 -0.01019051889105864 -0.01826537321638304 -0.02803544142709211 -0.01103732233517887 -0.009119653821370586 
-0.01691138426489753 -0.0198327568434985 0.1133924507994793 -0.01019051889105864 -0.01826537321638304 -0.02803544142709211 -0.01103732233517887 -0.009119653821370586 
-0.01691138426489753 -0.0198327568434985 0.1133924507994793 -0.01019051889105864 -0.01826537321638304 -0.02803544142709211 -0.01103732233517887 -0.009119653821370586 
-0.01691138426489753 -0.0198327568434985 0.1133924507994793 -0.01019051889105864 -0.01826537321638304 -0.02803544142709211 -0.01103732233517887 -0.009119653821370586 
-0.01691138426489753 -0.0198327568434985 0.1133924507994793 -0.01019051889105864 -0.01826537321638304 -0.02803544142709211 -0.01103732233517887 -0.009119653821370586 
-0.01691138426489753 -0.0198327568434985 0.1133924507994793 -0.01019051889105864 -0.01826537321638304 -0.02803544142709211 -0.01103732233517887 -0.009119653821370586 
-0.01691138426489753 -0.0198327568434985 0.1133924507994793 -0.01019051889105864 -0.01826537321638304 -0.02803544142709211 -0.01103732233517887 -0.009119653821370586 
-0.01691138426489753 -0.0198327568434985 0.1133924507994793 -0.01019051889105864 -0.01826537321638304 -0.02803544142709211 -0.01103732233517887 -0.009119653821370586 
-0.01691138426489753 -0.0198327568434985 0.1133924507994793 -0.01019051889105864 -0.01826537321638304 -0.02803544142709211 -0.01103732233517887 -0.009119653821370586 
-0.01691138426489753 -0.0198327568434985 0.1133924507994793 -0.01019051889105864 -0.01826537321638304 -0.02803544142709211 -0.01103732233517887 -0.009119653821370586 
-0.01691138426489753 -0.0198327568434985 0.1133924507994793 -0.01019051889105864 -0.01826537321638304 -0.02803544142709211 -0.01103732233517887 -0.009119653821370586 
-0.01691138426489753 -0.0198327568434985 0.1133924507994793 -0.01019051889105864 -0.01826537321638304 -0.02803544142709211 -0.01103732233517887 -0.009119653821370586 
-0.01691138426489753 -0.0198327568434985 0.1133924507994793 -0.01019051889105864 -0.01826537321638304 -0.02803544142709211 -0.01103732233517887 -0.009119653821370586 
-0.01691138426489753 -0.0198327568434985 0.1133924507994793 -0.01019051889105864 -0.01826537321638304 -0.02803544142709211 -0.01103732233517887 -0.009119653821370586 
-0.01691138426489753 -0.0198327568434985 0.1133924507994793 -0.01019051889105864 -0.01826537321638304 -0.02803544142709211 -0.01103732233517887 -0.009119653821370586 
-0.01691138426489753 -0.0198327568434985 0.1133924507994793 -0.01019051889105864 -0.01826537321638304 -0.02803544142709211 -0.01103732233517887 -0.009119653821370586 
-0.01691138426489753 -0.0198327568434985 0.1133924507994793 -0.01019051889105864 -0.01826537321638304 -0.02803544142709211 -0.01103732233517887 -0.009119653821370586 
-0.01691138426489753 -0.0198327568434985 0.1133924507994793 -0.01019051889105864 -0.01826537321638304 -0.02803544142709211 -0.01103732233517887 -0.009119653821370586 
-0.01691138426489753 -0.0198327568434985 0.1133924507994793 -0.01019051889105864 -0.01826537321638304 -0.02803544142709211 -0.01103732233517887 -0.009119653821370586 
-0.01691138426489753 -0.0198327568434985 0.1133924507994793 -0.01019051889105864 -0.01826537321638304 -0.02803544142709211 -0.01103732233517887 -0.009119653821370586 
-0.01691138426489753 -0.0198327568434985 0.1133924507994793 -0.01019051889105864 -0.01826537321638304 -0.02803544142709211 -0.01103732233517887 -0.009119653821370586 
-0.01691138426489753 -0.0198327568434985 0.1133924507994793 -0.01019051889105864 -0.01826537321638304 -0.02803544142709211 -0.01103732233517887 -0.009119653821370586 
-0.01691138426489753 -0.0198327568434985 0.1133924507994793 -0.01019051889105864 -0.01826537321638304 -0.02803544142709211 -0.01103732233517887 -0.009119653821370586 
-0.01691138426489753 -0.0198327568434985 0.1133924507994793 -0.01019051889105864 -0.01826537321638304 -0.02803544142709211 -0.01103732233517887 -0.009119653821370586 
-0.01691138426489753 -0.0198327568434985 0.1133924507994793 -0.01019051889105864 -0.01826537321638304 -0.02803544142709211 -0.01103732233517887 -0.009119653821370586 
-0.01691138426489753 -0.0198327568434985 0.1133924507994793 -0.01019051889105864 -0.01826537321638304 -0.02803544142709211 -0.01103732233517887 -0.009119653821370586 
-0.01691138426489753 -0.0198327568434985 0.1133924507994793 -0.01019051889105864 -0.01826537321638304 -0.02803544142709211 -0.01103732233517887 -0.009119653821370586 
-0.01691138426489753 -0.0198327568434985 0.1133924507994793 -0.01019051889105864 -0.01826537321638304 -0.02803544142709211 -0.01103732233517887 -0.009119653821370586 
0 0.009155656037405804 -0.03092369696876962 0 0.02176804093136378 0 0 -1.734723475976807e-18 
0 0.009155656037405804 -0.03092369696876962 0 0.02176804093136378 0 0 -1.734723475976807e-18 
0 0.009155656037405804 -0.03092369696876962 0 0.02176804093136378 0 0 -1.734723475976807e-18 
0 0.009155656037405804 -0.03092369696876962 0 0.02176804093136378 0 0 -1.734723475976807e-18 
0 0.009155656037405804 -0.03092369696876962 0 0.02176804093136378 0 0 -1.734723475976807e-18 
0 0.009155656037405804 -0.03092369696876962 0 0.02176804093136378 0 0 -1.734723475976807e-18 
0 0.009155656037405804 -0.03092369696876962 0 0.02176804093136378 0 0 -1.734723475976807e-18 
0 0.009155656037405804 -0.03092369696876962 0 0.02176804093136378 0 0 -1.734723475976807e-18 
0 0.009155656037405804 -0.03092369696876962 0 0.02176804093136378 0 0 -1.734723475976807e-18 
0 0.009155656037405804 -0.03092369696876962 0 0.02176804093136378 0 0 -1.734723475976807e-18 
0 0.009155656037405804 -0.03092369696876962 0 0.02176804093136378 0 0 -1.734723475976807e-18 
0 0.009155656037405804 -0.03092369696876962 0 0.02176804093136378 0 0 -1.734723475976807e-18 
0 0.009155656037405804 -0.03092369696876962 0 0.02176804093136378 0 0 -1.734723475976807e-18 
0 0.009155656037405804 -0.03092369696876962 0 0.02176804093136378 0 0 -1.734723475976807e-18 
0 0.009155656037405804 -0.03092369696876962 0 0.02176804093136378 0 0 -1.734723475976807e-18 
0 0.009155656037405804 -0.03092369696876962 0 0.02176804093136378 0 0 -1.734723475976807e-18 
0 0.009155656037405804 -0.03092369696876962 0 0.02176804093136378 0 0 -1.734723475976807e-18 
0 0.009155656037405804 -0.03092369696876962 0 0.02176804093136378 0 0 -1.734723475976807e-18 
0 0.009155656037405804 -0.03092369696876962 0 0.02176804093136378 0 0 -1.734723475976807e-18 
0 0.009155656037405804 -0.03092369696876962 0 0.02176804093136378 0 0 -1.734723475976807e-18 
0 0.009155656037405804 -0.03092369696876962 0 0.02176804093136378 0 0 -1.734723475976807e-18 
0 0.009155656037405804 -0.03092369696876962 0 0.02176804093136378 0 0 -1.734723475976807e-18 
0 0.009155656037405804 -0.03092369696876962 0 0.02176804093136378 0 0 -1.734723475976807e-18 
0 0.009155656037405804 -0.03092369696876962 0 0.02176804093136378 0 0 -1.734723475976807e-18 
-0.02417572621889137 -0.06253019305618407 -0.1238390932804706 -0.0173970011968896 -0.0490575650175858 0.3182011697045168 -0.02327451162632827 -0.01792707930816705 
-0.02417572621889137 -0.06253019305618407 -0.1238390932804706 -0.0173970011968896 -0.0490575650175858 0.3182011697045168 -0.02327451162632827 -0.01792707930816705 
-0.02417572621889137 -0.06253019305618407 -0.1238390932804706 -0.0173970011968896 -0.0490575650175858 0.3182011697045168 -0.02327451162632827 -0.01792707930816705 
-0.02417572621889137 -0.06253019305618407 -0.1238390932804706 -0.0173970011968896 -0.0490575650175858 0.3182011697045168 -0.02327451162632827 -0.01792707930816705 
-0.02417572621889137 -0.06253019305618407 -0.1238390932804706 -0.0173970011968896 -0.0490575650175858 0.3182011697045168 -0.02327451162632827 -0.01792707930816705 
-0.02417572621889137 -0.06253019305618407 -0.1238390932804706 -0.0173970011968896 -0.0490575650175858 0.3182011697045168 -0.02327451162632827 -0.01792707930816705 
-0.007500985511930172 -0.04226023757940507 -0.1373637430998197 -0.007222441959439128 -0.01418058795382499 0.2427602092397966 -0.04581768299822126 0.01158546986284386 
0 3.469446951953614e-18 -0.01693427812603796 0 9.974659986866641e-18 -0.004201231007040149 0 0.02113550913307813 
0 3.469446951953614e-18 -0.01693427812603796 0 9.974659986866641e-18 -0.004201231007040149 0 0.02113550913307813 
0 3.469446951953614e-18 -0.01693427812603796 0 9.974659986866641e-18 -0.004201231007040149 0 0.02113550913307813 
0 3.469446951953614e-18 -0.01693427812603796 0 9.974659986866641e-18 -0.004201231007040149 0 0.02113550913307813 
0 3.469446951953614e-18 -0.01693427812603796 0 9.974659986866641e-18 -0.004201231007040149 0 0.02113550913307813 
0 3.469446951953614e-18 -0.01693427812603796 0 9.974659986866641e-18 -0.004201231007040149 0 0.02113550913307813 
0 3.469446951953614e-18 -0.01693427812603796 0 9.974659986866641e-18 -0.004201231007040149 0 0.02113550913307813 
0 3.469446951953614e-18 -0.01693427812603796 0 9.974659986866641e-18 -0.004201231007040149 0 0.02113550913307813 
0 3.469446951953614e-18 -0.01693427812603796 0 9.974659986866641e-18 -0.004201231007040149 0 0.02113550913307813 
0 3.469446951953614e-18 -0.01693427812603796 0 9.974659986866641e-18 -0.004201231007040149 0 0.02113550913307813 
0 3.469446951953614e-18 -0.01693427812603796 0 9.974659986866641e-18 -0.004201231007040149 0 0.02113550913307813 
0 3.469446951953614e-18 -0.01693427812603796 0 9.974659986866641e-18 -0.004201231007040149 0 0.02113550913307813 
0 3.469446951953614e-18 -0.01693427812603796 0 9.974659986866641e-18 -0.004201231007040149 0 0.02113550913307813 
0 3.469446951953614e-18 -0.01693427812603796 0 9.974659986866641e-18 -0.004201231007040149 0 0.02113550913307813 
0 3.469446951953614e-18 -0.01693427812603796 0 9.974659986866641e-18 -0.004201231007040149 0 0.02113550913307813 
0 3.469446951953614e-18 -0.01693427812603796 0 9.974659986866641e-18 -0.004201231007040149 0 0.02113550913307813 
0 3.469446951953614e-18 -0.01693427812603796 0 9.974659986866641e-18 -0.004201231007040149 0 0.02113550913307813 
0 3.469446951953614e-18 -0.01693427812603796 0 9.974659986866641e-18 -0.004201231007040149 0 0.02113550913307813 
0 3.469446951953614e-18 -0.01693427812603796 0 9.974659986866641e-18 -0.004201231007040149 0 0.02113550913307813 
-0.014387610718465 -0.02894948506007188 0.1042059906605932 -0.01051099146521575 -0.01178431613818436 -0.01551271516270071 -0.01298997847623933 -0.01007089363971628 
-0.014387610718465 -0.02894948506007188 0.1042059906605932 -0.01051099146521575 -0.01178431613818436 -0.01551271516270071 -0.01298997847623933 -0.01007089363971628 
-0.014387610718465 -0.02894948506007188 0.1042059906605932 -0.01051099146521575 -0.01178431613818436 -0.01551271516270071 -0.01298997847623933 -0.01007089363971628 
-0.014387610718465 -0.02894948506007188 0.1042059906605932 -0.01051099146521575 -0.01178431613818436 -0.01551271516270071 -0.01298997847623933 -0.01007089363971628 
-0.014387610718465 -0.02894948506007188 0.1042059906605932 -0.01051099146521575 -0.01178431613818436 -0.01551271516270071 -0.01298997847623933 -0.01007089363971628 
-0.014387610718465 -0.02894948506007188 0.1042059906605932 -0.01051099146521575 -0.01178431613818436 -0.01551271516270071 -0.01298997847623933 -0.01007089363971628 
-0.014387610718465 -0.02894948506007188 0.1042059906605932 -0.01051099146521575 -0.01178431613818436 -0.01551271516270071 -0.01298997847623933 -0.01007089363971628 
-0.014387610718465 -0.02894948506007188 0.1042059906605932 -0.01051099146521575 -0.01178431613818436 -0.01551271516270071 -0.01298997847623933 -0.01007089363971628 
-0.014387610718465 -0.02894948506007188 0.1042059906605932 -0.01051099146521575 -0.01178431613818436 -0.01551271516270071 -0.01298997847623933 -0.01007089363971628 
-0.014387610718465 -0.02894948506007188 0.1042059906605932 -0.01051099146521575 -0.01178431613818436 -0.01551271516270071 -0.01298997847623933 -0.01007089363971628 
-0.014387610718465 -0.02894948506007188 0.1042059906605932 -0.01051099146521575 -0.01178431613818436 -0.01551271516270071 -0.01298997847623933 -0.01007089363971628 
-0.014387610718465 -0.02894948506007188 0.1042059906605932 -0.01051099146521575 -0.01178431613818436 -0.01551271516270071 -0.01298997847623933 -0.01007089363971628 
-0.014387610718465 -0.02894948506007188 0.1042059906605932 -0.01051099146521575 -0.01178431613818436 -0.01551271516270071 -0.01298997847623933 -0.01007089363971628 
-0.014387610718465 -0.02894948506007188 0.1042059906605932 -0.01051099146521575 -0.01178431613818436 -0.01551271516270071 -0.01298997847623933 -0.01007089363971628 
-0.014387610718465 -0.02894948506007188 0.1042059906605932 -0.01051099146521575 -0.01178431613818436 -0.01551271516270071 -0.01298997847623933 -0.01007089363971628 
-0.014387610718465 -0.02894948506007188 0.1042059906605932 -0.01051099146521575 -0.01178431613818436 -0.01551271516270071 -0.01298997847623933 -0.01007089363971628 
-0.014387610718465 -0.02894948506007188 0.1042059906605932 -0.01051099146521575 -0.01178431613818436 -0.01551271516270071 -0.01298997847623933 -0.01007089363971628 
-0.014387610718465 -0.02894948506007188 0.1042059906605932 -0.01051099146521575 -0.01178431613818436 -0.01551271516270071 -0.01298997847623933 -0.01007089363971628 
-0.014387610718465 -0.02894948506007188 0.1042059906605932 -0.01051099146521575 -0.01178431613818436 -0.01551271516270071 -0.01298997847623933 -0.01007089363971628 
-0.014387610718465 -0.02894948506007188 0.1042059906605932 -0.01051099146521575 -0.01178431613818436 -0.01551271516270071 -0.01298997847623933 -0.01007089363971628 
-0.014387610718465 -0.02894948506007188 0.1042059906605932 -0.01051099146521575 -0.01178431613818436 -0.01551271516270071 -0.01298997847623933 -0.01007089363971628 
-0.014387610718465 -0.02894948506007188 0.1042059906605932 -0.01051099146521575 -0.01178431613818436 -0.01551271516270071 -0.01298997847623933 -0.01007089363971628 
-0.007500985511930172 -0.04226023757940507 -0.1204294649737818 -0.007222441959439128 -0.01418058795382501 0.2469614402468368 -0.04581768299822126 -0.009550039270234258 
-0.007500985511930172 -0.04226023757940507 -0.1204294649737818 -0.007222441959439128 -0.01418058795382501 0.2469614402468368 -0.04581768299822126 -0.009550039270234258 
-0.007500985511930172 -0.04226023757940507 -0.1204294649737818 -0.007222441959439128 -0.01418058795382501 0.2469614402468368 -0.04581768299822126 -0.009550039270234258 
-0.007500985511930172 -0.04226023757940507 -0.1204294649737818 -0.007222441959439128 -0.01418058795382501 0.2469614402468368 -0.04581768299822126 -0.009550039270234258 
-0.007500985511930172 -0.04226023757940507 -0.1204294649737818 -0.007222441959439128 -0.01418058795382501 0.2469614402468368 -0.04581768299822126 -0.009550039270234258 
-0.007500985511930172 -0.04226023757940507 -0.1204294649737818 -0.007222441959439128 -0.01418058795382501 0.2469614402468368 -0.04581768299822126 -0.009550039270234258 
-0.007500985511930172 -0.04226023757940507 -0.1204294649737818 -0.007222441959439128 -0.01418058795382501 0.2469614402468368 -0.04581768299822126 -0.009550039270234258 
-0.007500985511930172 -0.04226023757940507 -0.1204294649737818 -0.007222441959439128 -0.01418058795382501 0.2469614402468368 -0.04581768299822126 -0.009550039270234258 
-0.02374408501903901 0.3022791558968485 -0.09817990458043276 -0.01973142131949063 -0.03517206162575758 -0.07180368225165597 -0.03451694330936626 -0.01913105779110613 
-0.01086720589633698 0.1431991253829301 -0.03574673129253898 -0.01258431503156943 -0.02503262286547436 -0.02462112689696534 -0.02164675131352127 -0.01270037208652366 
-0.01086720589633698 0.1431991253829301 -0.03574673129253898 -0.01258431503156943 -0.02503262286547436 -0.02462112689696534 -0.02164675131352127 -0.01270037208652366 
-0.01086720589633698 0.1431991253829301 -0.03574673129253898 -0.01258431503156943 -0.02503262286547436 -0.02462112689696534 -0.02164675131352127 -0.01270037208652366 
-0.01086720589633698 0.1431991253829301 -0.03574673129253898 -0.01258431503156943 -0.02503262286547436 -0.02462112689696534 -0.02164675131352127 -0.01270037208652366 
-0.01086720589633698 0.1431991253829301 -0.03574673129253898 -0.01258431503156943 -0.02503262286547436 -0.02462112689696534 -0.02164675131352127 -0.01270037208652366 
-0.01086720589633698 0.1431991253829301 -0.03574673129253898 -0.01258431503156943 -0.02503262286547436 -0.02462112689696534 -0.02164675131352127 -0.01270037208652366 
-0.01086720589633698 0.1431991253829301 -0.03574673129253898 -0.01258431503156943 -0.02503262286547436 -0.02462112689696534 -0.02164675131352127 -0.01270037208652366 
-0.02374408501903901 0.3022791558968485 -0.09817990458043276 -0.01973142131949063 -0.03517206162575758 -0.07180368225165597 -0.03451694330936626 -0.01913105779110613 
-0.01086720589633698 0.1431991253829301 -0.03574673129253898 -0.01258431503156943 -0.02503262286547436 -0.02462112689696534 -0.02164675131352127 -0.01270037208652366 
-0.01086720589633698 0.1431991253829301 -0.03574673129253898 -0.01258431503156943 -0.02503262286547436 -0.02462112689696534 -0.02164675131352127 -0.01270037208652366 
-0.01086720589633698 0.1431991253829301 -0.03574673129253898 -0.01258431503156943 -0.02503262286547436 -0.02462112689696534 -0.02164675131352127 -0.01270037208652366 
-0.01086720589633698 0.1431991253829301 -0.03574673129253898 -0.01258431503156943 -0.02503262286547436 -0.02462112689696534 -0.02164675131352127 -0.01270037208652366 
-0.01086720589633698 0.1431991253829301 -0.03574673129253898 -0.01258431503156943 -0.02503262286547436 -0.02462112689696534 -0.02164675131352127 -0.01270037208652366 
-0.01086720589633698 0.1431991253829301 -0.03574673129253898 -0.01258431503156943 -0.02503262286547436 -0.02462112689696534 -0.02164675131352127 -0.01270037208652366 
-0.01086720589633698 0.1431991253829301 -0.03574673129253898 -0.01258431503156943 -0.02503262286547436 -0.02462112689696534 -0.02164675131352127 -0.01270037208652366 
-0.01086720589633698 0.1431991253829301 -0.03574673129253898 -0.01258431503156943 -0.02503262286547436 -0.02462112689696534 -0.02164675131352127 -0.01270037208652366 
-0.01086720589633698 0.1431991253829301 -0.03574673129253898 -0.01258431503156943 -0.02503262286547436 -0.02462112689696534 -0.02164675131352127 -0.01270037208652366 
-0.01086720589633698 0.1431991253829301 -0.03574673129253898 -0.01258431503156943 -0.02503262286547436 -0.02462112689696534 -0.02164675131352127 -0.01270037208652366 
-0.01086720589633698 0.1431991253829301 -0.03574673129253898 -0.01258431503156943 -0.02503262286547436 -0.02462112689696534 -0.02164675131352127 -0.01270037208652366 
-0.01086720589633698 0.1431991253829301 -0.03574673129253898 -0.01258431503156943 -0.02503262286547436 -0.02462112689696534 -0.02164675131352127 -0.01270037208652366 
-0.01086720589633698 0.1431991253829301 -0.03574673129253898 -0.01258431503156943 -0.02503262286547436 -0.02462112689696534 -0.02164675131352127 -0.01270037208652366 
-0.01086720589633698 0.1431991253829301 -0.03574673129253898 -0.01258431503156943 -0.02503262286547436 -0.02462112689696534 -0.02164675131352127 -0.01270037208652366 
-0.01086720589633698 0.1431991253829301 -0.03574673129253898 -0.01258431503156943 -0.02503262286547436 -0.02462112689696534 -0.02164675131352127 -0.01270037208652366 
-0.01086720589633698 0.1431991253829301 -0.03574673129253898 -0.01258431503156943 -0.02503262286547436 -0.02462112689696534 -0.02164675131352127 -0.01270037208652366 
-0.01086720589633698 0.1431991253829301 -0.03574673129253898 -0.01258431503156943 -0.02503262286547436 -0.02462112689696534 -0.02164675131352127 -0.01270037208652366 
-0.01086720589633698 0.1431991253829301 -0.03574673129253898 -0.01258431503156943 -0.02503262286547436 -0.02462112689696534 -0.02164675131352127 -0.01270037208652366 
-0.01086720589633698 0.1431991253829301 -0.03574673129253898 -0.01258431503156943 -0.02503262286547436 -0.02462112689696534 -0.02164675131352127 -0.01270037208652366 
-0.01086720589633698 0.1431991253829301 -0.03574673129253898 -0.01258431503156943 -0.02503262286547436 -0.02462112689696534 -0.02164675131352127 -0.01270037208652366 
-0.01086720589633698 0.1431991253829301 -0.03574673129253898 -0.01258431503156943 -0.02503262286547436 -0.02462112689696534 -0.02164675131352127 -0.01270037208652366 
-0.01086720589633698 0.1431991253829301 -0.03574673129253898 -0.01258431503156943 -0.02503262286547436 -0.02462112689696534 -0.02164675131352127 -0.01270037208652366 
-0.01086720589633698 0.1431991253829301 -0.03574673129253898 -0.01258431503156943 -0.02503262286547436 -0.02462112689696534 -0.02164675131352127 -0.01270037208652366 
-0.01287687912270203 0.1590800305139183 -0.06243317328789377 -0.007147106287921195 -0.01013943876028321 -0.04718255535469063 -0.012870191995845 -0.006430685704582472 
-0.01287687912270203 0.1590800305139183 -0.06243317328789377 -0.007147106287921195 -0.01013943876028321 -0.04718255535469063 -0.012870191995845 -0.006430685704582472 
-0.01287687912270203 0.1590800305139183 -0.06243317328789377 -0.007147106287921195 -0.01013943876028321 -0.04718255535469063 -0.012870191995845 -0.006430685704582472 
-0.01287687912270203 0.1590800305139183 -0.06243317328789377 -0.007147106287921195 -0.01013943876028321 -0.04718255535469063 -0.012870191995845 -0.006430685704582472 
-0.01287687912270203 0.1590800305139183 -0.06243317328789377 -0.007147106287921195 -0.01013943876028321 -0.04718255535469063 -0.012870191995845 -0.006430685704582472 
-0.01287687912270203 0.1590800305139183 -0.06243317328789377 -0.007147106287921195 -0.01013943876028321 -0.04718255535469063 -0.012870191995845 -0.006430685704582472 
-0.01287687912270203 0.1590800305139183 -0.06243317328789377 -0.007147106287921195 -0.01013943876028321 -0.04718255535469063 -0.012870191995845 -0.006430685704582472 
-0.01287687912270203 0.1590800305139183 -0.06243317328789377 -0.007147106287921195 -0.01013943876028321 -0.04718255535469063 -0.012870191995845 -0.006430685704582472 
-0.01287687912270203 0.1590800305139183 -0.06243317328789377 -0.007147106287921195 -0.01013943876028321 -0.04718255535469063 -0.012870191995845 -0.006430685704582472 
-0.02172349602801248 0.1322836561354946 0.04358454878848272 -0.01575224879950553 -0.03030773654617986 -0.06426913403386851 -0.0290573033384382 -0.01475828617797271 
-0.01287687912270203 0.1590800305139183 -0.06243317328789377 -0.007147106287921195 -0.01013943876028321 -0.04718255535469063 -0.012870191995845 -0.006430685704582472 
-0.01287687912270203 0.1590800305139183 -0.06243317328789377 -0.007147106287921195 -0.01013943876028321 -0.04718255535469063 -0.012870191995845 -0.006430685704582472 
-0.01287687912270203 0.1590800305139183 -0.06243317328789377 -0.007147106287921195 -0.01013943876028321 -0.04718255535469063 -0.012870191995845 -0.006430685704582472 
-0.01287687912270203 0.1590800305139183 -0.06243317328789377 -0.007147106287921195 -0.01013943876028321 -0.04718255535469063 -0.012870191995845 -0.006430685704582472 
-0.01287687912270203 0.1590800305139183 -0.06243317328789377 -0.007147106287921195 -0.01013943876028321 -0.04718255535469063 -0.012870191995845 -0.006430685704582472 
-0.01287687912270203 0.1590800305139183 -0.06243317328789377 -0.007147106287921195 -0.01013943876028321 -0.04718255535469063 -0.012870191995845 -0.006430685704582472 
-0.01287687912270203 0.1590800305139183 -0.06243317328789377 -0.007147106287921195 -0.01013943876028321 -0.04718255535469063 -0.012870191995845 -0.006430685704582472 
-0.01287687912270203 0.1590800305139183 -0.06243317328789377 -0.007147106287921195 -0.01013943876028321 -0.04718255535469063 -0.012870191995845 -0.006430685704582472 
-0.01287687912270203 0.1590800305139183 -0.06243317328789377 -0.007147106287921195 -0.01013943876028321 -0.04718255535469063 -0.012870191995845 -0.006430685704582472 
-0.01287687912270203 0.1590800305139183 -0.06243317328789377 -0.007147106287921195 -0.01013943876028321 -0.04718255535469063 -0.012870191995845 -0.006430685704582472 
-0.01287687912270203 0.1590800305139183 -0.06243317328789377 -0.007147106287921195 -0.01013943876028321 -0.04718255535469063 -0.012870191995845 -0.006430685704582472 
-0.01287687912270203 0.1590800305139183 -0.06243317328789377 -0.007147106287921195 -0.01013943876028321 -0.04718255535469063 -0.012870191995845 -0.006430685704582472 
-0.01287687912270203 0.1590800305139183 -0.06243317328789377 -0.007147106287921195 -0.01013943876028321 -0.04718255535469063 -0.012870191995845 -0.006430685704582472 
-0.01287687912270203 0.1590800305139183 -0.06243317328789377 -0.007147106287921195 -0.01013943876028321 -0.04718255535469063 -0.012870191995845 -0.006430685704582472 
-0.01287687912270203 0.1590800305139183 -0.06243317328789377 -0.007147106287921195 -0.01013943876028321 -0.04718255535469063 -0.012870191995845 -0.006430685704582472 
-0.01391473077993952 -0.03968522283610565 0.1996203638625241 -0.0137448781449864 -0.02605393244184982 -0.06886660691356306 -0.02547639977635346 -0.01187859296972628 
-0.01391473077993952 -0.03968522283610565 0.1996203638625241 -0.0137448781449864 -0.02605393244184982 -0.06886660691356306 -0.02547639977635346 -0.01187859296972628 
-0.01391473077993952 -0.03968522283610565 0.1996203638625241 -0.0137448781449864 -0.02605393244184982 -0.06886660691356306 -0.02547639977635346 -0.01187859296972628 
-0.01391473077993952 -0.03968522283610565 0.1996203638625241 -0.0137448781449864 -0.02605393244184982 -0.06886660691356306 -0.02547639977635346 -0.01187859296972628 
-0.01391473077993952 -0.03968522283610565 0.1996203638625241 -0.0137448781449864 -0.02605393244184982 -0.06886660691356306 -0.02547639977635346 -0.01187859296972628 
-0.01391473077993952 -0.03968522283610565 0.1996203638625241 -0.0137448781449864 -0.02605393244184982 -0.06886660691356306 -0.02547639977635346 -0.01187859296972628 
-0.01391473077993952 -0.03968522283610565 0.1996203638625241 -0.0137448781449864 -0.02605393244184982 -0.06886660691356306 -0.02547639977635346 -0.01187859296972628 
-0.01391473077993952 -0.03968522283610565 0.1996203638625241 -0.0137448781449864 -0.02605393244184982 -0.06886660691356306 -0.02547639977635346 -0.01187859296972628 
-0.008846616905310446 -0.02679637437842371 0.1060177220763765 -0.008605142511584339 -0.02016829778589664 -0.01708657867917786 -0.01618711134259321 -0.008327600473390239 
-0.008846616905310446 -0.02679637437842371 0.1060177220763765 -0.008605142511584339 -0.02016829778589664 -0.01708657867917786 -0.01618711134259321 -0.008327600473390239 
-0.008846616905310446 -0.02679637437842371 0.1060177220763765 -0.008605142511584339 -0.02016829778589664 -0.01708657867917786 -0.01618711134259321 -0.008327600473390239 
-0.008846616905310446 -0.02679637437842371 0.1060177220763765 -0.008605142511584339 -0.02016829778589664 -0.01708657867917786 -0.01618711134259321 -0.008327600473390239 
-0.008846616905310446 -0.02679637437842371 0.1060177220763765 -0.008605142511584339 -0.02016829778589664 -0.01708657867917786 -0.01618711134259321 -0.008327600473390239 
-0.008846616905310446 -0.02679637437842371 0.1060177220763765 -0.008605142511584339 -0.02016829778589664 -0.01708657867917786 -0.01618711134259321 -0.008327600473390239 
-0.008846616905310446 -0.02679637437842371 0.1060177220763765 -0.008605142511584339 -0.02016829778589664 -0.01708657867917786 -0.01618711134259321 -0.008327600473390239 
-0.008846616905310446 -0.02679637437842371 0.1060177220763765 -0.008605142511584339 -0.02016829778589664 -0.01708657867917786 -0.01618711134259321 -0.008327600473390239 
-0.008846616905310446 -0.02679637437842371 0.1060177220763765 -0.008605142511584339 -0.02016829778589664 -0.01708657867917786 -0.01618711134259321 -0.008327600473390239 
-0.008846616905310446 -0.02679637437842371 0.1060177220763765 -0.008605142511584339 -0.02016829778589664 -0.01708657867917786 -0.01618711134259321 -0.008327600473390239 
-0.008846616905310446 -0.02679637437842371 0.1060177220763765 -0.008605142511584339 -0.02016829778589664 -0.01708657867917786 -0.01618711134259321 -0.008327600473390239 
-0.008846616905310446 -0.02679637437842371 0.1060177220763765 -0.008605142511584339 -0.02016829778589664 -0.01708657867917786 -0.01618711134259321 -0.008327600473390239 
-0.008846616905310446 -0.02679637437842371 0.1060177220763765 -0.008605142511584339 -0.02016829778589664 -0.01708657867917786 -0.01618711134259321 -0.008327600473390239 
-0.008846616905310446 -0.02679637437842371 0.1060177220763765 -0.008605142511584339 -0.02016829778589664 -0.01708657867917786 -0.01618711134259321 -0.008327600473390239 
-0.008846616905310446 -0.02679637437842371 0.1060177220763765 -0.008605142511584339 -0.02016829778589664 -0.01708657867917786 -0.01618711134259321 -0.008327600473390239 
-0.008846616905310446 -0.02679637437842371 0.1060177220763765 -0.008605142511584339 -0.02016829778589664 -0.01708657867917786 -0.01618711134259321 -0.008327600473390239 
-0.008846616905310446 -0.02679637437842371 0.1060177220763765 -0.008605142511584339 -0.02016829778589664 -0.01708657867917786 -0.01618711134259321 -0.008327600473390239 
-0.008846616905310446 -0.02679637437842371 0.1060177220763765 -0.008605142511584339 -0.02016829778589664 -0.01708657867917786 -0.01618711134259321 -0.008327600473390239 
-0.008846616905310446 -0.02679637437842371 0.1060177220763765 -0.008605142511584339 -0.02016829778589664 -0.01708657867917786 -0.01618711134259321 -0.008327600473390239 
-0.008846616905310446 -0.02679637437842371 0.1060177220763765 -0.008605142511584339 -0.02016829778589664 -0.01708657867917786 -0.01618711134259321 -0.008327600473390239 
-0.008846616905310446 -0.02679637437842371 0.1060177220763765 -0.008605142511584339 -0.02016829778589664 -0.01708657867917786 -0.01618711134259321 -0.008327600473390239 
-0.008846616905310446 -0.02679637437842371 0.1060177220763765 -0.008605142511584339 -0.02016829778589664 -0.01708657867917786 -0.01618711134259321 -0.008327600473390239 
-0.008846616905310446 -0.02679637437842371 0.1060177220763765 -0.008605142511584339 -0.02016829778589664 -0.01708657867917786 -0.01618711134259321 -0.008327600473390239 
-0.008846616905310446 -0.02679637437842371 0.1060177220763765 -0.008605142511584339 -0.02016829778589664 -0.01708657867917786 -0.01618711134259321 -0.008327600473390239 
-0.008846616905310446 -0.02679637437842371 0.1060177220763765 -0.008605142511584339 -0.02016829778589664 -0.01708657867917786 -0.01618711134259321 -0.008327600473390239 
-0.008846616905310446 -0.02679637437842371 0.1060177220763765 -0.008605142511584339 -0.02016829778589664 -0.01708657867917786 -0.01618711134259321 -0.008327600473390239 
-0.008846616905310446 -0.02679637437842371 0.1060177220763765 -0.008605142511584339 -0.02016829778589664 -0.01708657867917786 -0.01618711134259321 -0.008327600473390239 
-0.008846616905310446 -0.02679637437842371 0.1060177220763765 -0.008605142511584339 -0.02016829778589664 -0.01708657867917786 -0.01618711134259321 -0.008327600473390239 
-0.008846616905310446 -0.02679637437842371 0.1060177220763765 -0.008605142511584339 -0.02016829778589664 -0.01708657867917786 -0.01618711134259321 -0.008327600473390239 
-0.008846616905310446 -0.02679637437842371 0.1060177220763765 -0.008605142511584339 -0.02016829778589664 -0.01708657867917786 -0.01618711134259321 -0.008327600473390239 
-0.008846616905310446 -0.02679637437842371 0.1060177220763765 -0.008605142511584339 -0.02016829778589664 -0.01708657867917786 -0.01618711134259321 -0.008327600473390239 
-0.008846616905310446 -0.02679637437842371 0.1060177220763765 -0.008605142511584339 -0.02016829778589664 -0.01708657867917786 -0.01618711134259321 -0.008327600473390239 
-0.008846616905310446 -0.02679637437842371 0.1060177220763765 -0.008605142511584339 -0.02016829778589664 -0.01708657867917786 -0.01618711134259321 -0.008327600473390239 
-0.008846616905310446 -0.02679637437842371 0.1060177220763765 -0.008605142511584339 -0.02016829778589664 -0.01708657867917786 -0.01618711134259321 -0.008327600473390239 
-0.008846616905310446 -0.02679637437842371 0.1060177220763765 -0.008605142511584339 -0.02016829778589664 -0.01708657867917786 -0.01618711134259321 -0.008327600473390239 
-0.008846616905310446 -0.02679637437842371 0.1060177220763765 -0.008605142511584339 -0.02016829778589664 -0.01708657867917786 -0.01618711134259321 -0.008327600473390239 
-0.008846616905310446 -0.02679637437842371 0.1060177220763765 -0.008605142511584339 -0.02016829778589664 -0.01708657867917786 -0.01618711134259321 -0.008327600473390239 
-0.008846616905310446 -0.02679637437842371 0.1060177220763765 -0.008605142511584339 -0.02016829778589664 -0.01708657867917786 -0.01618711134259321 -0.008327600473390239 
